# lambda_1A lambda_2A lambda_3A eigen1_xA eigen1_yA eigen1_zA eigen2_xA eigen2_yA eigen2_zA eigen3_xA eigen3_yA eigen3_zA lambda_1B lambda_2B lambda_3B eigen1_xB eigen1_yB eigen1_zB eigen2_xB eigen2_yB eigen2_zB eigen3_xB eigen3_yB eigen3_zB 
# 206
0.936941 0.165363 0.018518 0.212123 -0.615350 0.759176 0.700272 0.637574 0.321121 -0.681633 0.463512 0.566157 0.937600 0.153498 -0.066795 0.210180 -0.560184 0.801260 0.502315 0.764995 0.403067 -0.838751 0.317769 0.442175 
0.612970 0.306026 0.041621 -0.076412 -0.983842 0.161915 -0.379990 0.178869 0.907532 0.921829 -0.007820 0.387517 0.612970 0.306026 0.041621 -0.076412 -0.983842 0.161915 -0.379990 0.178869 0.907532 0.921829 -0.007820 0.387517 
0.690527 0.505096 -0.082478 -0.098115 0.677338 0.729100 -0.251016 -0.725790 0.640484 0.962998 -0.120175 0.241233 0.690527 0.505096 -0.082478 -0.098115 0.677338 0.729100 -0.251016 -0.725790 0.640484 0.962998 -0.120175 0.241233 
1.009439 0.281144 -0.109417 -0.937621 0.325594 0.121882 0.344318 0.821186 0.455082 -0.048084 -0.468660 0.882069 1.009439 0.281144 -0.109417 -0.937621 0.325594 0.121882 0.344318 0.821186 0.455082 -0.048084 -0.468660 0.882069 
0.945397 0.774001 0.125341 -0.515827 0.003228 0.856687 0.358434 -0.907446 0.219239 0.778105 0.420156 0.466928 0.945397 0.774001 0.125341 -0.515827 0.003228 0.856687 0.358434 -0.907446 0.219239 0.778105 0.420156 0.466928 
2.217131 0.306290 -0.355117 0.664031 -0.173488 0.727299 -0.747702 -0.151650 0.646485 0.001863 0.973090 0.230418 2.217131 0.306290 -0.355117 0.664031 -0.173488 0.727299 -0.747702 -0.151650 0.646485 0.001863 0.973090 0.230418 
0.522041 0.290106 -0.007255 0.091470 -0.797841 0.595888 0.497160 0.555073 0.666878 -0.862824 0.235252 0.447428 0.522041 0.290106 -0.007255 0.091470 -0.797841 0.595888 0.497160 0.555073 0.666878 -0.862824 0.235252 0.447428 
1.278507 0.308148 -0.189483 -0.423037 0.551626 0.718852 0.004097 -0.792164 0.610294 0.906103 0.261122 0.332855 1.278507 0.308148 -0.189483 -0.423037 0.551626 0.718852 0.004097 -0.792164 0.610294 0.906103 0.261122 0.332855 
0.691618 0.311634 0.229902 0.839148 -0.397528 0.371218 -0.306538 0.218130 0.926528 -0.449294 -0.891286 0.061185 0.691618 0.311634 0.229902 0.839148 -0.397528 0.371218 -0.306538 0.218130 0.926528 -0.449294 -0.891286 0.061185 
0.612501 0.306661 -0.042876 -0.068410 -0.709876 0.700996 -0.634355 0.573262 0.518618 0.770009 0.409202 0.489530 0.737239 0.519049 -0.015214 -0.080928 -0.709304 0.700241 -0.688727 0.547638 0.475129 0.720490 0.443824 0.532836 
0.369357 0.038662 -0.133060 0.387416 -0.196796 0.900655 0.364176 0.930164 0.046594 -0.846927 0.309946 0.432029 0.330935 0.069144 -0.146502 0.472083 -0.015170 0.881423 -0.157112 -0.985292 0.067191 -0.867441 0.170202 0.467523 
0.924210 0.166534 -0.165213 -0.731191 0.404740 0.549132 -0.417049 -0.902242 0.109685 0.539843 -0.148814 0.828507 0.908586 0.210138 -0.222290 -0.788977 0.283525 0.545095 0.416240 0.899214 0.134754 0.451951 -0.333208 0.827474 
1.068846 0.198312 -0.077723 -0.823810 0.058047 0.563886 0.159484 -0.930829 0.328820 0.543969 0.360816 0.757568 1.068846 0.198312 -0.077723 -0.823810 0.058047 0.563886 0.159484 -0.930829 0.328820 0.543969 0.360816 0.757568 
0.707360 0.048645 -0.042886 -0.099470 -0.915321 0.390247 0.984622 -0.033937 0.171372 -0.143617 0.401292 0.904621 0.731500 0.026506 -0.049095 -0.173235 -0.907823 0.381898 -0.756129 0.371057 0.539060 0.631078 0.195380 0.750711 
0.526343 0.193001 -0.185389 -0.165014 -0.976694 0.137259 -0.922524 0.202071 0.328811 0.348884 0.072366 0.934368 0.526343 0.193001 -0.185389 -0.165014 -0.976694 0.137259 -0.922524 0.202071 0.328811 0.348884 0.072366 0.934368 
1.205080 1.112601 0.492608 0.235544 0.664066 0.709603 0.822029 -0.525633 0.219040 -0.518448 -0.531720 0.669690 1.137452 1.061383 0.641651 -0.309629 0.901023 0.303790 0.748696 0.034070 0.662038 -0.586161 -0.432432 0.685141 
0.963936 0.500153 -0.410559 -0.892327 0.095450 0.441182 0.432162 -0.101571 0.896058 0.130340 0.990239 0.049385 0.963936 0.500153 -0.410559 -0.892327 0.095450 0.441182 0.432162 -0.101571 0.896058 0.130340 0.990239 0.049385 
0.589959 0.321000 0.187143 0.290666 0.114719 0.949922 -0.882482 0.415823 0.219812 -0.369783 -0.902181 0.222103 0.520953 0.280085 0.026375 0.230186 0.075130 0.970242 -0.204260 -0.971075 0.123654 -0.951469 0.226645 0.208182 
0.962592 0.605899 -0.664734 0.827622 -0.167826 0.535608 -0.324904 -0.921370 0.213342 -0.457689 0.350588 0.817073 0.865731 0.299197 -0.413949 0.865770 -0.074862 0.494811 -0.236741 -0.932382 0.273161 -0.440904 0.353637 0.824951 
0.613595 -0.019842 -0.160540 0.822457 -0.282526 0.493705 -0.532026 -0.074950 0.843404 0.201280 0.956327 0.211954 0.613595 -0.019842 -0.160540 0.822457 -0.282526 0.493705 -0.532026 -0.074950 0.843404 0.201280 0.956327 0.211954 
0.544750 0.401633 -0.210574 -0.850767 -0.398656 0.342446 0.521824 -0.718175 0.460352 0.062414 0.570349 0.819028 0.569403 0.355315 -0.164543 -0.793236 -0.496844 0.352028 0.608899 -0.643026 0.464500 -0.004421 0.582807 0.812599 
0.685641 0.405375 -0.171157 0.279164 -0.709880 0.646636 -0.137348 0.636965 0.758559 -0.950370 -0.300576 0.080317 0.685641 0.405375 -0.171157 0.279164 -0.709880 0.646636 -0.137348 0.636965 0.758559 -0.950370 -0.300576 0.080317 
0.566691 0.209024 -0.048645 -0.944115 0.306068 0.122352 0.022216 -0.311262 0.950064 0.328867 0.899688 0.287068 0.567651 0.186398 -0.085286 -0.947051 0.313013 0.071543 -0.025574 -0.295643 0.954956 0.320064 0.902562 0.287994 
0.681450 0.054805 -0.177509 0.364287 0.586470 0.723428 0.762307 -0.634003 0.130110 -0.534962 -0.504077 0.678028 0.703395 0.059328 -0.127210 0.192584 0.606131 0.771697 0.842154 -0.505747 0.187072 -0.503674 -0.613861 0.607855 
0.459059 0.348383 -0.168256 0.376076 0.605105 0.701723 -0.865688 0.499479 0.033243 -0.330381 -0.619975 0.711674 0.459059 0.348383 -0.168256 0.376076 0.605105 0.701723 -0.865688 0.499479 0.033243 -0.330381 -0.619975 0.711674 
0.528559 0.098924 -0.106326 0.659166 0.242935 0.711676 -0.427551 0.899607 0.088918 -0.618628 -0.362890 0.696857 0.528559 0.098924 -0.106326 0.659166 0.242935 0.711676 -0.427551 0.899607 0.088918 -0.618628 -0.362890 0.696857 
0.601164 0.486849 -0.443451 -0.210646 -0.164085 0.963693 0.751028 -0.658213 0.052089 0.625768 0.734733 0.261882 0.527850 0.287530 -0.447344 -0.063948 -0.350964 0.934203 -0.629580 0.740511 0.235101 0.774299 0.573121 0.268314 
1.019759 0.552620 0.194695 0.011270 0.959459 0.281624 -0.785884 -0.165643 0.595776 0.618272 -0.228038 0.752156 1.019759 0.552620 0.194695 0.011270 0.959459 0.281624 -0.785884 -0.165643 0.595776 0.618272 -0.228038 0.752156 
0.883594 0.694674 -0.088481 0.087761 -0.264772 0.960309 -0.337122 0.899249 0.278746 0.937362 0.348205 0.010342 0.883594 0.694674 -0.088481 0.087761 -0.264772 0.960309 -0.337122 0.899249 0.278746 0.937362 0.348205 0.010342 
0.223363 0.098892 -0.104536 0.925757 0.077628 0.370065 -0.336115 0.617263 0.711346 -0.173207 -0.782918 0.597528 0.223363 0.098892 -0.104536 0.925757 0.077628 0.370065 -0.336115 0.617263 0.711346 -0.173207 -0.782918 0.597528 
0.497870 0.198046 -0.035361 0.471206 -0.731461 0.492880 -0.749499 -0.037461 0.660945 0.464992 0.680853 0.565881 0.522249 0.183120 -0.023336 0.479243 -0.723650 0.496646 -0.691444 0.037236 0.721470 0.540584 0.689162 0.482518 
0.958904 0.681623 0.387742 -0.583183 -0.180803 0.791964 -0.241010 0.969531 0.043867 0.775765 0.165288 0.608990 0.958904 0.681623 0.387742 -0.583183 -0.180803 0.791964 -0.241010 0.969531 0.043867 0.775765 0.165288 0.608990 
0.637033 0.132901 -0.042979 0.755233 -0.481247 0.445000 -0.569097 -0.818279 0.080915 -0.325194 0.314358 0.891868 0.629973 0.064327 -0.099977 0.884656 -0.227950 0.406721 0.103834 0.946751 0.304765 -0.454534 -0.227381 0.861218 
0.604401 0.558109 0.226542 0.421494 -0.774328 0.471974 -0.587894 0.162951 0.792356 0.690452 0.611444 0.386540 0.604401 0.558109 0.226542 0.421494 -0.774328 0.471974 -0.587894 0.162951 0.792356 0.690452 0.611444 0.386540 
0.975037 0.365220 0.131640 0.805762 -0.345075 0.481322 -0.254635 0.531904 0.807613 -0.534704 -0.773305 0.340720 0.907092 0.446705 0.241325 0.813456 -0.398129 0.424008 -0.316433 0.308738 0.896968 -0.488016 -0.863814 0.125163 
1.853616 1.031997 0.633988 0.872876 -0.371735 0.316071 -0.487424 -0.634428 0.599933 0.022492 0.677728 0.734969 1.773684 0.836416 0.729839 0.775350 -0.474446 0.416813 -0.604892 -0.368251 0.706043 0.181488 0.799557 0.572512 
1.883569 1.095513 -0.670733 0.795610 -0.133304 0.590961 0.042437 0.985357 0.165135 -0.604321 -0.106304 0.789617 1.883569 1.095513 -0.670733 0.795610 -0.133304 0.590961 0.042437 0.985357 0.165135 -0.604321 -0.106304 0.789617 
0.848561 0.459009 0.061677 -0.737710 -0.635236 0.228603 -0.144264 0.479118 0.865814 0.659524 -0.605741 0.445091 0.811150 0.441823 0.030812 -0.688056 -0.713031 0.134780 -0.065165 0.245697 0.967154 0.722726 -0.656673 0.215518 
0.376645 -0.033033 -0.272215 0.395480 0.588905 0.704830 0.522838 -0.775270 0.354395 -0.755139 -0.228356 0.614507 0.380954 -0.061233 -0.245870 0.348259 0.562140 0.750143 0.573092 -0.760948 0.304175 -0.741809 -0.323969 0.587166 
1.507231 0.709774 0.052026 -0.831465 0.408943 0.376073 -0.435475 -0.900060 0.015932 0.345004 -0.150523 0.926453 1.350366 0.835273 0.392583 -0.830335 0.403395 0.384469 0.460678 0.885091 0.066261 0.313561 -0.232135 0.920757 
0.746882 0.078703 -0.211133 -0.003534 -0.864377 0.502831 -0.438155 0.453335 0.776214 0.898893 0.217575 0.380333 0.748747 0.084061 -0.215967 0.032683 -0.894164 0.446545 -0.414985 0.394311 0.819943 0.909241 0.212108 0.358178 
0.764118 0.594094 0.011847 0.478997 -0.324622 0.815587 0.076347 0.940994 0.329698 -0.874490 -0.095656 0.475517 0.634013 0.430946 0.130988 0.355337 -0.652813 0.669007 0.371700 0.755378 0.539669 -0.857656 0.056906 0.511065 
0.840947 0.257246 -0.038250 -0.375246 -0.046214 0.925772 0.782862 -0.550566 0.289836 0.496304 0.833511 0.242777 0.840947 0.257246 -0.038250 -0.375246 -0.046214 0.925772 0.782862 -0.550566 0.289836 0.496304 0.833511 0.242777 
0.839183 0.375640 -0.297727 -0.185318 -0.759904 0.623060 -0.313399 0.646636 0.695444 0.931364 0.066388 0.357986 0.839183 0.375640 -0.297727 -0.185318 -0.759904 0.623060 -0.313399 0.646636 0.695444 0.931364 0.066388 0.357986 
0.840947 0.257246 -0.038250 -0.375246 -0.046214 0.925772 0.782862 -0.550566 0.289836 0.496304 0.833511 0.242777 0.840947 0.257246 -0.038250 -0.375246 -0.046214 0.925772 0.782862 -0.550566 0.289836 0.496304 0.833511 0.242777 
0.656566 0.322244 -0.172693 0.132132 -0.467435 0.874097 -0.632044 0.639576 0.437564 0.763584 0.610284 0.210931 0.799876 0.340936 -0.176720 0.073484 -0.522216 0.849642 -0.657004 0.615596 0.435187 0.750298 0.590197 0.297861 
0.912526 0.311013 0.118569 0.319413 -0.909895 0.264701 -0.947453 -0.301468 0.107007 0.017566 0.284971 0.958375 0.912526 0.311013 0.118569 0.319413 -0.909895 0.264701 -0.947453 -0.301468 0.107007 0.017566 0.284971 0.958375 
0.820041 0.335855 -0.016590 -0.628894 0.231477 0.742234 -0.024270 -0.960032 0.278836 0.777112 0.157344 0.609376 0.820041 0.335855 -0.016590 -0.628894 0.231477 0.742234 -0.024270 -0.960032 0.278836 0.777112 0.157344 0.609376 
0.780936 0.419667 0.019528 -0.004488 -0.688333 0.725381 0.150432 0.716669 0.680997 -0.988610 0.112176 0.100331 0.790766 0.490605 0.045842 0.043884 -0.550348 0.833781 0.054987 0.834651 0.548028 -0.997522 0.021797 0.066889 
0.790766 0.490605 0.045842 0.043884 -0.550348 0.833781 0.054987 0.834651 0.548028 -0.997522 0.021797 0.066889 0.780936 0.419667 0.019528 -0.004488 -0.688333 0.725381 0.150432 0.716669 0.680997 -0.988610 0.112176 0.100331 
0.668785 0.082667 -0.129534 0.121516 -0.956340 0.265798 -0.602795 0.141645 0.785222 0.788588 0.255638 0.559265 0.625283 0.090764 -0.124918 0.239193 -0.928126 0.285251 -0.736874 0.017795 0.675796 0.632300 0.371840 0.679656 
0.951639 0.623155 -0.059134 -0.750395 -0.273583 0.601714 0.422072 -0.898894 0.117662 0.508687 0.342259 0.789998 0.824180 0.420716 -0.140621 -0.773437 -0.268564 0.574168 0.434649 -0.884022 0.172001 0.461384 0.382593 0.800467 
0.379269 0.288404 -0.033782 -0.122367 -0.539977 0.832737 0.655683 0.585882 0.476257 -0.745054 0.604290 0.282362 0.379269 0.288404 -0.033782 -0.122367 -0.539977 0.832737 0.655683 0.585882 0.476257 -0.745054 0.604290 0.282362 
1.016081 0.475640 0.006335 -0.697036 -0.675531 0.240415 0.547705 -0.285212 0.786558 -0.462775 0.679936 0.568794 1.039902 0.497559 0.156216 -0.652067 -0.749714 0.112859 0.581161 -0.398670 0.709446 -0.486888 0.528196 0.695664 
1.187326 0.861742 0.602362 -0.384842 0.608355 0.694119 0.253239 -0.653583 0.713232 0.887562 0.450259 0.097467 1.187326 0.861742 0.602362 -0.384842 0.608355 0.694119 0.253239 -0.653583 0.713232 0.887562 0.450259 0.097467 
0.962128 0.550680 0.035690 -0.381686 -0.418949 0.823891 -0.523295 0.832707 0.181004 0.761891 0.362051 0.537067 0.810997 0.459795 0.032419 -0.555167 -0.251810 0.792705 -0.361157 0.931514 0.042970 0.749236 0.262436 0.608089 
1.068417 0.499306 -0.028277 0.489305 -0.335947 0.804810 -0.865222 -0.071219 0.496305 0.109414 0.939184 0.325517 1.068417 0.499306 -0.028277 0.489305 -0.335947 0.804810 -0.865222 -0.071219 0.496305 0.109414 0.939184 0.325517 
0.952459 0.317010 -0.240710 0.380057 -0.275235 0.883064 -0.391796 0.816922 0.423242 -0.837886 -0.506837 0.202641 0.615653 0.357176 -0.172922 0.447716 -0.239242 0.861576 -0.192341 0.915219 0.354088 -0.873244 -0.324247 0.363742 
0.517711 0.200422 0.141818 -0.693903 0.542604 0.473370 0.289930 -0.391215 0.873437 0.659120 0.743325 0.114148 0.566716 0.186661 0.018870 -0.638082 0.653098 0.407816 0.169473 -0.397536 0.901800 0.751086 0.644536 0.142978 
1.033808 0.362025 0.060749 0.184848 -0.912894 0.363945 0.440623 0.408004 0.799615 -0.878454 0.012555 0.477661 1.033808 0.362025 0.060749 0.184848 -0.912894 0.363945 0.440623 0.408004 0.799615 -0.878454 0.012555 0.477661 
0.993506 0.158785 0.079439 -0.700415 0.423957 0.574177 0.698282 0.573532 0.428326 0.147718 -0.700943 0.697752 0.993506 0.158785 0.079439 -0.700415 0.423957 0.574177 0.698282 0.573532 0.428326 0.147718 -0.700943 0.697752 
0.443348 0.322181 -0.066906 -0.126999 -0.710089 0.692564 -0.864964 0.421033 0.273073 0.485498 0.564363 0.667672 0.443348 0.322181 -0.066906 -0.126999 -0.710089 0.692564 -0.864964 0.421033 0.273073 0.485498 0.564363 0.667672 
0.698829 0.270896 0.067431 0.819690 -0.555059 0.141483 0.031326 0.290068 0.956493 -0.571950 -0.779596 0.255153 0.620366 0.256392 -0.010022 0.826895 -0.559913 0.052374 0.123377 0.271490 0.954501 -0.548656 -0.782810 0.293574 
0.686799 0.558431 0.040418 0.060726 0.164465 0.984512 -0.994743 -0.071510 0.073303 0.082458 -0.983787 0.159258 0.686799 0.558431 0.040418 0.060726 0.164465 0.984512 -0.994743 -0.071510 0.073303 0.082458 -0.983787 0.159258 
0.859128 0.215076 0.074765 0.719563 -0.445159 0.532976 -0.314210 0.475731 0.821555 -0.619276 -0.758626 0.202445 0.859128 0.215076 0.074765 0.719563 -0.445159 0.532976 -0.314210 0.475731 0.821555 -0.619276 -0.758626 0.202445 
0.708376 0.436078 0.289204 -0.746968 0.022541 0.664478 0.370040 0.844419 0.387333 0.552367 -0.535209 0.639095 0.800124 0.371315 0.260294 -0.795237 -0.048797 0.604332 0.363475 0.759411 0.539612 0.485268 -0.648779 0.586175 
0.800124 0.371315 0.260294 -0.795237 -0.048797 0.604332 0.363475 0.759411 0.539612 0.485268 -0.648779 0.586175 0.708376 0.436078 0.289204 -0.746968 0.022541 0.664478 0.370040 0.844419 0.387333 0.552367 -0.535209 0.639095 
0.486786 0.257155 0.073412 0.112644 -0.527086 0.842314 0.679427 0.659422 0.321779 -0.725045 0.536044 0.432396 0.497405 0.249176 0.137570 0.108539 -0.582693 0.805412 0.820133 0.510349 0.258700 -0.561783 0.632466 0.533279 
0.564162 0.139200 -0.033013 -0.792195 -0.309605 0.525901 0.603597 -0.524579 0.600406 0.089988 0.793071 0.602445 0.564162 0.139200 -0.033013 -0.792195 -0.309605 0.525901 0.603597 -0.524579 0.600406 0.089988 0.793071 0.602445 
0.723395 0.285405 -0.088415 -0.156217 0.336695 0.928565 0.165430 -0.917908 0.360662 0.973771 0.209954 0.087694 0.659002 0.181632 0.021231 -0.161489 0.347706 0.923592 -0.087407 -0.937237 0.337560 0.982996 -0.026216 0.181746 
1.881406 0.567731 0.334085 -0.693338 -0.614254 0.376795 -0.396492 0.761798 0.512307 0.601728 -0.205806 0.771730 2.002232 0.647896 0.159717 -0.609581 -0.627338 0.484621 -0.624960 0.756408 0.193058 0.487684 0.185184 0.853153 
0.184458 0.163844 -0.000693 -0.663542 0.424238 0.616226 0.341825 -0.560760 0.754124 0.665483 0.711035 0.227072 0.184458 0.163844 -0.000693 -0.663542 0.424238 0.616226 0.341825 -0.560760 0.754124 0.665483 0.711035 0.227072 
0.872184 0.714263 0.369074 0.903958 -0.091230 0.417776 -0.424274 -0.069339 0.902875 0.053401 0.993413 0.101386 0.872184 0.714263 0.369074 0.903958 -0.091230 0.417776 -0.424274 -0.069339 0.902875 0.053401 0.993413 0.101386 
0.767131 0.633634 -0.099852 0.447448 0.865124 0.226606 0.161728 -0.327485 0.930912 -0.879565 0.379886 0.286448 1.011675 0.625608 -0.342054 0.558164 0.806051 0.196810 0.125502 -0.316485 0.940259 -0.820184 0.500119 0.277812 
0.927060 0.368817 0.199211 -0.327377 -0.192664 0.925043 -0.038173 0.980889 0.190786 0.944122 -0.027148 0.328475 0.927060 0.368817 0.199211 -0.327377 -0.192664 0.925043 -0.038173 0.980889 0.190786 0.944122 -0.027148 0.328475 
0.539680 0.340625 0.078625 -0.702184 0.680934 0.208007 0.083072 -0.211798 0.973777 0.707133 0.701050 0.092155 0.539680 0.340625 0.078625 -0.702184 0.680934 0.208007 0.083072 -0.211798 0.973777 0.707133 0.701050 0.092155 
0.602586 0.367928 0.013682 -0.739068 0.097792 0.666494 0.417024 0.843438 0.338679 0.529026 -0.528251 0.664140 0.685199 0.458332 0.109206 -0.645136 0.379170 0.663347 0.544285 0.837367 0.050703 0.536240 -0.393761 0.746592 
0.650991 0.052705 -0.233217 0.065953 0.186433 0.980251 0.093443 -0.979227 0.179951 -0.993438 -0.079729 0.082004 0.650991 0.052705 -0.233217 0.065953 0.186433 0.980251 0.093443 -0.979227 0.179951 -0.993438 -0.079729 0.082004 
0.969223 0.753579 0.432463 -0.301348 -0.502578 0.810312 0.612607 0.549175 0.568437 -0.730687 0.667699 0.142390 0.969223 0.753579 0.432463 -0.301348 -0.502578 0.810312 0.612607 0.549175 0.568437 -0.730687 0.667699 0.142390 
0.430963 0.243732 -0.028491 0.480181 0.525582 0.702275 0.720144 -0.693319 0.026481 -0.500818 -0.493024 0.711413 0.524673 0.404061 0.214337 0.340893 0.524492 0.780192 0.794386 -0.604512 0.059294 -0.502735 -0.599561 0.622723 
0.524673 0.404061 0.214337 0.340893 0.524492 0.780192 0.794386 -0.604512 0.059294 -0.502735 -0.599561 0.622723 0.430963 0.243732 -0.028491 0.480181 0.525582 0.702275 0.720144 -0.693319 0.026481 -0.500818 -0.493024 0.711413 
0.469277 0.244298 -0.135330 -0.356357 -0.888194 0.290036 0.659288 -0.019068 0.751649 -0.662080 0.459073 0.592370 0.514532 0.273519 -0.068524 -0.325109 -0.865911 0.380135 0.635174 0.097860 0.766145 -0.700613 0.490532 0.518189 
1.394216 1.068623 -0.044829 -0.125423 -0.956950 0.261757 -0.914091 0.214019 0.344432 0.385625 0.196070 0.901582 1.394216 1.068623 -0.044829 -0.125423 -0.956950 0.261757 -0.914091 0.214019 0.344432 0.385625 0.196070 0.901582 
0.803063 0.692757 0.171406 -0.184861 -0.841816 0.507122 -0.426702 0.533592 0.730209 0.885298 0.081403 0.457845 0.803063 0.692757 0.171406 -0.184861 -0.841816 0.507122 -0.426702 0.533592 0.730209 0.885298 0.081403 0.457845 
0.803063 0.692757 0.171406 -0.184861 -0.841816 0.507122 -0.426702 0.533592 0.730209 0.885298 0.081403 0.457845 0.803063 0.692757 0.171406 -0.184861 -0.841816 0.507122 -0.426702 0.533592 0.730209 0.885298 0.081403 0.457845 
0.528634 0.296795 0.231679 -0.375197 -0.893904 0.245282 0.853289 -0.229700 0.468120 -0.362113 0.384934 0.848941 0.543226 0.300087 0.223735 -0.123770 -0.979224 0.160630 -0.693396 0.201142 0.691913 0.709847 0.025742 0.703885 
0.781688 0.252360 0.021228 0.832521 -0.322189 0.450669 0.118984 0.898497 0.422547 -0.541065 -0.298157 0.786353 0.781688 0.252360 0.021228 0.832521 -0.322189 0.450669 0.118984 0.898497 0.422547 -0.541065 -0.298157 0.786353 
0.837503 0.128358 0.021582 0.075405 -0.822266 0.564086 -0.028491 0.563689 0.825496 -0.996746 -0.078318 0.019078 0.837503 0.128358 0.021582 0.075405 -0.822266 0.564086 -0.028491 0.563689 0.825496 -0.996746 -0.078318 0.019078 
0.994787 0.287852 -0.376758 0.178973 -0.920215 0.348098 0.685315 0.370460 0.626979 -0.705912 0.126344 0.696940 1.007007 0.418768 -0.210644 0.114447 -0.954436 0.275596 0.802867 0.252246 0.540164 -0.585070 0.159446 0.795154 
0.897269 0.506204 -0.145978 0.218406 0.612916 0.759364 -0.972613 0.200124 0.118211 -0.079514 -0.764385 0.639838 0.897269 0.506204 -0.145978 0.218406 0.612916 0.759364 -0.972613 0.200124 0.118211 -0.079514 -0.764385 0.639838 
0.904862 0.598171 0.376683 0.627232 -0.283468 0.725414 -0.553529 -0.817478 0.159167 -0.547891 0.501373 0.669657 0.904862 0.598171 0.376683 0.627232 -0.283468 0.725414 -0.553529 -0.817478 0.159167 -0.547891 0.501373 0.669657 
0.261392 0.176833 -0.039177 0.858442 0.512581 0.018394 -0.494518 0.817608 0.294905 0.136123 -0.262255 0.955350 0.261392 0.176833 -0.039177 0.858442 0.512581 0.018394 -0.494518 0.817608 0.294905 0.136123 -0.262255 0.955350 
0.456686 0.275609 -0.020613 -0.143909 -0.192479 0.970691 -0.515427 0.851925 0.092515 0.844763 0.487007 0.221809 0.456686 0.275609 -0.020613 -0.143909 -0.192479 0.970691 -0.515427 0.851925 0.092515 0.844763 0.487007 0.221809 
0.633460 0.005895 -0.380018 -0.597266 0.391553 0.699971 0.801904 0.275277 0.530257 -0.014938 -0.878014 0.478402 0.633460 0.005895 -0.380018 -0.597266 0.391553 0.699971 0.801904 0.275277 0.530257 -0.014938 -0.878014 0.478402 
0.633460 0.005895 -0.380018 -0.597266 0.391553 0.699971 0.801904 0.275277 0.530257 -0.014938 -0.878014 0.478402 0.633460 0.005895 -0.380018 -0.597266 0.391553 0.699971 0.801904 0.275277 0.530257 -0.014938 -0.878014 0.478402 
0.499632 0.120508 0.031241 0.143860 -0.796929 0.586692 0.979887 0.197567 0.028091 -0.138297 0.570851 0.809323 0.499632 0.120508 0.031241 0.143860 -0.796929 0.586692 0.979887 0.197567 0.028091 -0.138297 0.570851 0.809323 
1.053020 0.802860 0.374389 -0.395247 0.918439 0.015788 -0.852482 -0.373156 0.366100 0.342132 0.131241 0.930442 1.053020 0.802860 0.374389 -0.395247 0.918439 0.015788 -0.852482 -0.373156 0.366100 0.342132 0.131241 0.930442 
0.911600 0.598568 0.103086 -0.764445 0.609114 0.211197 -0.556493 -0.788846 0.260841 0.325484 0.081869 0.941997 0.750390 0.404259 0.062573 -0.782025 0.603015 0.157512 -0.531569 -0.777280 0.336557 0.325380 0.179468 0.928396 
0.250638 0.133408 -0.388679 -0.606052 -0.670447 0.428022 0.755241 -0.316150 0.574161 -0.249625 0.671231 0.697952 0.396410 0.161694 -0.479257 -0.090476 -0.753427 0.651277 0.988696 0.010557 0.149563 -0.119560 0.657447 0.743955 
0.404909 0.183801 -0.086962 0.985268 -0.044363 0.165161 -0.082850 0.721046 0.687916 -0.149607 -0.691466 0.706748 0.422114 0.096342 -0.107383 0.976072 0.026951 0.215772 -0.204196 0.454719 0.866911 -0.074752 -0.890227 0.449342 
0.763673 0.508213 0.142421 -0.909034 0.269590 0.317770 0.414366 0.665719 0.620580 0.044244 -0.695801 0.716870 0.832556 0.572571 0.138552 -0.869404 0.317349 0.378716 0.493922 0.578857 0.648819 0.013320 -0.751142 0.660006 
0.958299 0.595358 0.127549 -0.832454 0.478542 0.279316 0.073210 -0.404685 0.911521 0.549236 0.779248 0.301848 1.008840 0.703710 0.203236 -0.849585 0.496738 0.177359 -0.138918 -0.535116 0.833278 0.508828 0.683303 0.523632 
6.078875 3.833371 1.865659 0.793624 0.373999 0.479880 -0.469285 -0.125687 0.874056 0.387211 -0.918873 0.075764 6.078875 3.833371 1.865659 0.793624 0.373999 0.479880 -0.469285 -0.125687 0.874056 0.387211 -0.918873 0.075764 
0.795896 0.581878 -0.068185 -0.812627 -0.389654 0.433367 0.577009 -0.642369 0.504404 0.081839 0.659949 0.746840 0.795896 0.581878 -0.068185 -0.812627 -0.389654 0.433367 0.577009 -0.642369 0.504404 0.081839 0.659949 0.746840 
0.937502 0.700359 -0.155431 -0.789817 0.612266 0.036331 0.366172 0.423180 0.828756 -0.492044 -0.667869 0.558430 0.937502 0.700359 -0.155431 -0.789817 0.612266 0.036331 0.366172 0.423180 0.828756 -0.492044 -0.667869 0.558430 
0.729974 0.628112 0.360086 -0.991668 0.054034 0.116936 0.099712 -0.252732 0.962384 0.081555 0.966026 0.245239 0.789220 0.514681 0.469545 -0.988800 0.031642 0.145854 0.131728 -0.274370 0.952559 0.070159 0.961103 0.267129 
0.522392 0.217204 -0.113506 0.382469 -0.782569 0.491226 -0.674074 0.127288 0.727614 0.631935 0.609412 0.478826 0.434165 0.191587 -0.115631 0.351053 -0.720142 0.598462 -0.732051 0.187434 0.654958 0.583835 0.668029 0.461381 
0.702083 0.446507 0.093205 -0.553654 0.410189 0.724715 -0.577232 -0.816308 0.021049 0.600225 -0.406676 0.688727 0.717080 0.376022 0.074550 -0.539854 0.336271 0.771673 0.693458 0.697323 0.181264 0.477152 -0.632979 0.609642 
0.382775 0.135394 -0.245907 -0.142773 -0.816223 0.559818 -0.321660 0.573174 0.753662 0.936029 0.072468 0.344380 0.437297 0.192083 -0.256475 -0.240440 -0.700680 0.671741 -0.304473 0.711559 0.633231 0.921675 0.052273 0.384425 
1.084955 0.451360 -0.096160 -0.603871 -0.781627 0.156203 0.796816 -0.597028 0.092963 0.020595 0.180602 0.983341 1.084955 0.451360 -0.096160 -0.603871 -0.781627 0.156203 0.796816 -0.597028 0.092963 0.020595 0.180602 0.983341 
1.084955 0.451360 -0.096160 -0.603871 -0.781627 0.156203 0.796816 -0.597028 0.092963 0.020595 0.180602 0.983341 1.084955 0.451360 -0.096160 -0.603871 -0.781627 0.156203 0.796816 -0.597028 0.092963 0.020595 0.180602 0.983341 
0.980397 0.551390 -0.194766 -0.643980 0.092107 0.759477 0.680177 -0.385507 0.623493 0.350212 0.918096 0.185610 0.825992 0.357256 -0.313956 -0.461231 0.019222 0.887072 0.850284 -0.276106 0.448087 0.253539 0.960935 0.111004 
0.644657 0.449747 -0.011327 0.438220 -0.244680 0.864925 -0.443242 0.778292 0.444744 -0.781984 -0.578267 0.232611 0.644657 0.449747 -0.011327 0.438220 -0.244680 0.864925 -0.443242 0.778292 0.444744 -0.781984 -0.578267 0.232611 
0.338483 0.092900 0.020316 0.219527 -0.263124 0.939454 -0.579842 0.739223 0.342538 -0.784596 -0.619931 0.009709 0.356980 0.080940 0.064382 0.306387 -0.232143 0.923167 -0.949909 -0.137356 0.280723 -0.061635 0.962935 0.262599 
0.605580 0.475931 0.069807 -0.474390 -0.246708 0.845038 0.498417 -0.866522 0.026823 0.725627 0.433906 0.534033 0.588205 0.517294 0.093683 -0.429678 -0.233802 0.872189 0.534922 -0.844079 0.037259 0.727485 0.482563 0.487748 
0.588205 0.517294 0.093683 -0.429678 -0.233802 0.872189 0.534922 -0.844079 0.037259 0.727485 0.482563 0.487748 0.605580 0.475931 0.069807 -0.474390 -0.246708 0.845038 0.498417 -0.866522 0.026823 0.725627 0.433906 0.534033 
0.414279 0.206093 0.041566 0.704373 0.606944 0.368072 -0.667178 0.743125 0.051367 -0.242347 -0.281751 0.928378 0.348944 0.119604 -0.008230 0.495859 0.789174 0.362393 0.638236 -0.614169 0.464167 -0.588879 -0.001132 0.808221 
0.348944 0.119604 -0.008230 0.495859 0.789174 0.362393 0.638236 -0.614169 0.464167 -0.588879 -0.001132 0.808221 0.414279 0.206093 0.041566 0.704373 0.606944 0.368072 -0.667178 0.743125 0.051367 -0.242347 -0.281751 0.928378 
2.446012 0.848238 0.205161 -0.189767 0.941903 0.277140 0.029626 -0.276647 0.960515 0.981382 0.190485 0.024593 2.107285 0.969298 -0.055935 -0.178756 0.980924 0.076384 0.178918 -0.043932 0.982883 -0.967489 -0.189362 0.167652 
0.968818 0.459056 0.060881 -0.053955 -0.795375 0.603712 0.835172 0.295453 0.463892 -0.547336 0.529232 0.648333 0.968818 0.459056 0.060881 -0.053955 -0.795375 0.603712 0.835172 0.295453 0.463892 -0.547336 0.529232 0.648333 
0.704312 0.589710 0.385343 -0.850109 -0.412724 0.327068 0.497735 -0.426913 0.754987 -0.171972 0.804615 0.568349 0.704312 0.589710 0.385343 -0.850109 -0.412724 0.327068 0.497735 -0.426913 0.754987 -0.171972 0.804615 0.568349 
1.146723 0.425954 -0.281213 -0.409848 0.899196 0.153203 -0.769919 -0.431090 0.470517 0.489131 0.074887 0.868990 1.108947 0.474700 0.048582 -0.382774 0.904387 0.188597 -0.451650 -0.361275 0.815777 0.805914 0.227078 0.546753 
0.215182 0.141508 0.005653 -0.781859 0.475442 0.403301 0.618189 0.675102 0.402591 0.080861 -0.564086 0.821747 0.215182 0.141508 0.005653 -0.781859 0.475442 0.403301 0.618189 0.675102 0.402591 0.080861 -0.564086 0.821747 
0.377574 0.013309 -0.276548 0.349047 -0.811806 0.468121 -0.844603 -0.056119 0.532443 0.405970 0.581224 0.705242 0.240416 -0.027135 -0.234664 0.260566 -0.876461 0.404873 -0.824314 0.016348 0.565896 0.502605 0.481196 0.718220 
0.582025 0.257806 0.139950 -0.407536 0.750609 0.520097 -0.361056 -0.655576 0.663218 0.838781 0.082501 0.538183 0.582025 0.257806 0.139950 -0.407536 0.750609 0.520097 -0.361056 -0.655576 0.663218 0.838781 0.082501 0.538183 
0.767348 0.457487 0.067244 0.225188 -0.522562 0.822326 -0.742531 0.454409 0.492099 0.630824 0.721417 0.285691 0.767348 0.457487 0.067244 0.225188 -0.522562 0.822326 -0.742531 0.454409 0.492099 0.630824 0.721417 0.285691 
0.987413 0.507307 -0.131431 0.120863 -0.988919 0.086202 0.373731 0.125781 0.918969 -0.919629 -0.078853 0.384792 0.987413 0.507307 -0.131431 0.120863 -0.988919 0.086202 0.373731 0.125781 0.918969 -0.919629 -0.078853 0.384792 
0.432553 0.248072 -0.041627 0.044647 0.991812 0.119652 0.780391 -0.109401 0.615648 -0.623696 -0.065888 0.778885 0.407891 0.231325 -0.109764 -0.150122 0.988576 0.013435 0.797385 0.113032 0.592791 -0.584501 -0.099704 0.805244 
3.070237 0.866104 -1.175088 -0.765138 0.606486 0.216192 -0.577474 -0.794899 0.186171 0.284760 0.017601 0.958437 3.790761 0.710128 -2.113218 -0.776476 0.575830 0.255940 -0.555033 -0.817279 0.154896 0.298369 -0.021782 0.954202 
0.145432 0.023645 -0.099505 -0.431031 0.229206 0.872741 0.740311 -0.463156 0.487264 0.515899 0.856126 0.029951 0.161370 0.016616 -0.097549 -0.275010 0.228593 0.933871 0.877185 -0.337983 0.341049 -0.393594 -0.912969 0.107570 
1.264922 0.687463 0.245617 -0.449886 0.767704 0.456326 0.792727 0.107943 0.599943 -0.411322 -0.631648 0.657142 1.264922 0.687463 0.245617 -0.449886 0.767704 0.456326 0.792727 0.107943 0.599943 -0.411322 -0.631648 0.657142 
0.709642 0.360602 0.015004 -0.360581 0.917317 0.168848 -0.516989 -0.347234 0.782401 0.776340 0.194827 0.599449 0.709642 0.360602 0.015004 -0.360581 0.917317 0.168848 -0.516989 -0.347234 0.782401 0.776340 0.194827 0.599449 
0.709642 0.360602 0.015004 -0.360581 0.917317 0.168848 -0.516989 -0.347234 0.782401 0.776340 0.194827 0.599449 0.709642 0.360602 0.015004 -0.360581 0.917317 0.168848 -0.516989 -0.347234 0.782401 0.776340 0.194827 0.599449 
0.201576 -0.032527 -0.128928 -0.895334 -0.281472 0.345182 0.204588 0.428502 0.880074 0.395627 -0.858580 0.326066 0.201576 -0.032527 -0.128928 -0.895334 -0.281472 0.345182 0.204588 0.428502 0.880074 0.395627 -0.858580 0.326066 
0.623257 0.206094 -0.088533 -0.784422 -0.202118 0.586371 -0.240152 0.970644 0.013309 0.571848 0.130378 0.809933 0.560288 0.080999 -0.101307 -0.832094 -0.057864 0.551607 0.194736 0.900746 0.388246 0.519323 -0.430476 0.738237 
0.923487 0.702108 0.502699 0.155720 -0.201415 0.967049 -0.950478 0.236017 0.202208 0.268968 0.950646 0.154687 0.991682 0.769742 0.654430 0.075864 -0.452842 0.888357 0.340990 0.848992 0.403656 -0.937001 0.272298 0.218822 
0.696674 0.302139 -0.140614 0.135274 -0.657968 0.740796 -0.979947 -0.199247 0.001975 -0.146302 0.726208 0.671727 0.687946 0.295572 -0.039340 -0.089756 -0.689716 0.718495 0.982437 0.057180 0.177618 -0.163590 0.721819 0.672470 
1.398396 0.899339 0.576206 -0.783161 0.453564 0.425368 0.620437 0.615555 0.485953 0.041427 -0.644493 0.763487 1.078134 0.762703 0.300676 -0.962486 0.118351 0.244158 0.254659 0.704597 0.662339 0.093645 -0.699669 0.708304 
0.494019 0.221097 -0.045677 -0.928125 -0.192437 0.318672 0.122138 0.651233 0.748984 0.351662 -0.734073 0.580922 0.494019 0.221097 -0.045677 -0.928125 -0.192437 0.318672 0.122138 0.651233 0.748984 0.351662 -0.734073 0.580922 
0.810932 0.447103 0.063105 -0.491551 -0.302603 0.816584 0.462875 0.703477 0.539321 0.737648 -0.643080 0.205727 0.891189 0.431314 -0.020745 -0.412144 -0.129949 0.901804 0.505155 0.791129 0.344868 0.758259 -0.597686 0.260414 
0.891189 0.431314 -0.020745 -0.412144 -0.129949 0.901804 0.505155 0.791129 0.344868 0.758259 -0.597686 0.260414 0.810932 0.447103 0.063105 -0.491551 -0.302603 0.816584 0.462875 0.703477 0.539321 0.737648 -0.643080 0.205727 
0.557922 0.176840 -0.210546 -0.106890 -0.100901 0.989138 0.364273 0.921691 0.133385 0.925138 -0.374574 0.061764 0.596491 0.206360 -0.249572 -0.147165 -0.117958 0.982053 0.360101 0.918337 0.164268 0.921233 -0.377812 0.092671 
0.596491 0.206360 -0.249572 -0.147165 -0.117958 0.982053 0.360101 0.918337 0.164268 0.921233 -0.377812 0.092671 0.557922 0.176840 -0.210546 -0.106890 -0.100901 0.989138 0.364273 0.921691 0.133385 0.925138 -0.374574 0.061764 
0.861116 0.443907 -0.146691 -0.088817 0.960941 0.262116 0.294325 -0.226085 0.928579 -0.951569 -0.159620 0.262749 0.861116 0.443907 -0.146691 -0.088817 0.960941 0.262116 0.294325 -0.226085 0.928579 -0.951569 -0.159620 0.262749 
0.201611 0.031224 -0.060936 -0.111834 -0.815385 0.568015 -0.958467 0.239421 0.154980 0.262363 0.527092 0.808294 0.132161 -0.010138 -0.094241 -0.027884 -0.791178 0.610951 -0.949933 0.211252 0.230215 0.311206 0.573943 0.757457 
0.980857 0.279697 0.020595 -0.540530 0.302602 0.785022 0.680144 -0.392046 0.619438 0.495208 0.868753 0.006099 1.190881 0.359960 0.037462 -0.597843 0.306740 0.740604 0.706351 -0.235249 0.667627 -0.379014 -0.922263 0.076025 
1.499709 0.188762 -0.162183 -0.000550 0.485737 0.874105 -0.582172 -0.710860 0.394656 0.813065 -0.508662 0.283174 1.098382 -0.002008 -0.355308 -0.033202 0.422222 0.905884 -0.657744 -0.691670 0.298272 0.752510 -0.585936 0.300679 
0.524534 0.355173 -0.090284 -0.007569 -0.075197 0.997140 -0.413209 0.908288 0.065360 0.910605 0.411533 0.037947 0.524534 0.355173 -0.090284 -0.007569 -0.075197 0.997140 -0.413209 0.908288 0.065360 0.910605 0.411533 0.037947 
0.171633 -0.011045 -0.086805 -0.885581 -0.403597 0.229903 0.445946 -0.600340 0.663871 -0.129917 0.690436 0.711632 0.171633 -0.011045 -0.086805 -0.885581 -0.403597 0.229903 0.445946 -0.600340 0.663871 -0.129917 0.690436 0.711632 
0.540895 0.359540 -0.067240 -0.677548 0.711747 0.185322 0.052278 -0.204731 0.977421 0.733618 0.671938 0.101506 0.540895 0.359540 -0.067240 -0.677548 0.711747 0.185322 0.052278 -0.204731 0.977421 0.733618 0.671938 0.101506 
0.702690 0.410083 0.139119 -0.601120 0.271266 0.751711 0.797303 0.267642 0.540995 0.054436 -0.924544 0.377166 0.702690 0.410083 0.139119 -0.601120 0.271266 0.751711 0.797303 0.267642 0.540995 0.054436 -0.924544 0.377166 
0.675298 0.249423 -0.038814 -0.833093 0.318185 0.452453 0.536308 0.664861 0.519935 0.135383 -0.675809 0.724537 0.637220 0.268041 -0.033934 -0.835254 0.367836 0.408714 0.535237 0.714186 0.451064 0.125980 -0.595512 0.793407 
1.043564 0.577752 -0.289711 -0.936581 0.340989 0.080886 -0.293030 -0.888576 0.352941 0.192222 0.306856 0.932143 1.043564 0.577752 -0.289711 -0.936581 0.340989 0.080886 -0.293030 -0.888576 0.352941 0.192222 0.306856 0.932143 
1.173497 0.594858 0.488774 0.576254 -0.474350 0.665525 -0.679245 0.174872 0.712773 0.454485 0.862793 0.221430 1.223341 0.770038 0.562153 0.540870 -0.468823 0.698330 -0.309688 0.660927 0.683571 -0.782019 -0.585987 0.212287 
0.869317 0.456760 0.208458 -0.166252 0.976917 0.134140 0.591323 -0.010091 0.806372 -0.789112 -0.213381 0.575996 0.948924 0.513527 0.412708 0.182269 -0.981848 0.052460 0.513995 0.140629 0.846187 -0.838205 -0.127270 0.530297 
0.539665 0.297721 0.056461 -0.358114 -0.807112 0.469387 -0.742555 0.550962 0.380857 0.566009 0.212155 0.796633 0.476737 0.321946 0.069846 -0.381479 -0.802729 0.458366 -0.713941 0.570834 0.405508 0.587164 0.172554 0.790863 
0.510317 0.333267 0.000056 -0.619552 -0.620278 0.481052 -0.483220 0.784335 0.388994 0.618590 -0.008548 0.785667 0.596853 0.359593 0.072879 -0.452298 -0.736478 0.503018 -0.533792 0.675374 0.508859 0.714488 0.038351 0.698596 
0.994136 0.625387 -0.045919 -0.798704 0.600742 0.034370 0.123070 0.107180 0.986593 -0.589004 -0.792226 0.159539 0.994136 0.625387 -0.045919 -0.798704 0.600742 0.034370 0.123070 0.107180 0.986593 -0.589004 -0.792226 0.159539 
0.471937 0.016680 -0.129824 -0.693282 -0.053512 0.718677 0.626780 0.447407 0.637945 0.355679 -0.892728 0.276639 0.471937 0.016680 -0.129824 -0.693282 -0.053512 0.718677 0.626780 0.447407 0.637945 0.355679 -0.892728 0.276639 
0.870148 0.497933 -0.073531 -0.037712 0.970800 0.236910 -0.816890 -0.166499 0.552240 0.575560 -0.172703 0.799315 0.870148 0.497933 -0.073531 -0.037712 0.970800 0.236910 -0.816890 -0.166499 0.552240 0.575560 -0.172703 0.799315 
0.593792 0.346591 -0.095536 -0.168636 0.973298 0.155735 -0.620571 -0.227591 0.750396 0.765802 0.029899 0.642381 0.578598 0.292561 -0.088220 0.076435 -0.996947 0.015934 -0.582955 -0.031719 0.811885 0.808901 0.071345 0.583600 
1.026312 0.918810 0.292090 -0.859420 0.283868 0.425224 0.488964 0.699332 0.521391 0.149366 -0.656014 0.739821 1.045417 0.687112 0.396457 -0.957260 -0.036664 0.286897 0.076652 0.924306 0.373876 0.278888 -0.379887 0.881990 
0.605402 0.199505 -0.111458 0.519797 -0.278552 0.807602 -0.210359 0.874506 0.437022 -0.827986 -0.397049 0.395969 0.605402 0.199505 -0.111458 0.519797 -0.278552 0.807602 -0.210359 0.874506 0.437022 -0.827986 -0.397049 0.395969 
0.329879 0.182183 -0.135527 0.189770 -0.223597 0.956029 0.286655 0.943916 0.163864 -0.939051 0.242954 0.243222 0.368123 0.255831 -0.108506 0.066881 -0.610218 0.789405 0.205172 0.782680 0.587636 -0.976438 0.122663 0.177546 
0.767003 0.289578 -0.242994 0.601891 0.497918 0.624344 -0.314994 -0.570402 0.758564 -0.733830 0.653238 0.186479 0.801878 0.341283 -0.269373 0.592399 0.507217 0.625935 -0.324199 -0.561171 0.761566 -0.737536 0.654078 0.167998 
0.980031 0.434232 -0.109442 -0.845019 -0.321137 0.427568 0.523246 -0.661439 0.537319 0.110257 0.677768 0.726962 0.980031 0.434232 -0.109442 -0.845019 -0.321137 0.427568 0.523246 -0.661439 0.537319 0.110257 0.677768 0.726962 
1.176920 0.728482 -0.197845 -0.005287 -0.633225 0.773950 -0.280618 0.743801 0.606641 0.959805 0.213977 0.181627 1.207304 0.766929 -0.204366 0.037862 -0.710173 0.703008 -0.249895 0.674431 0.694763 0.967532 0.201983 0.151934 
1.252936 0.691884 0.001335 -0.878784 0.214765 0.426163 0.044772 -0.851969 0.521674 0.475115 0.477519 0.739081 1.143571 0.547170 -0.001408 -0.898511 0.128303 0.419781 0.117462 -0.851172 0.511574 0.422943 0.508964 0.749717 
0.753115 0.269089 0.044441 -0.030292 0.505573 0.862252 0.685315 -0.617459 0.386117 -0.727616 -0.602611 0.327773 0.753115 0.269089 0.044441 -0.030292 0.505573 0.862252 0.685315 -0.617459 0.386117 -0.727616 -0.602611 0.327773 
0.692176 0.484950 0.010327 -0.832381 0.120643 0.540913 0.407407 -0.528476 0.744804 0.375715 0.840333 0.390742 0.692176 0.484950 0.010327 -0.832381 0.120643 0.540913 0.407407 -0.528476 0.744804 0.375715 0.840333 0.390742 
0.524978 0.067898 0.016091 0.562616 -0.794007 0.230251 -0.645444 -0.247839 0.722480 0.516589 0.555093 0.651926 0.524978 0.067898 0.016091 0.562616 -0.794007 0.230251 -0.645444 -0.247839 0.722480 0.516589 0.555093 0.651926 
0.804618 0.546311 -0.313127 0.218656 -0.945307 0.242041 -0.511457 0.100216 0.853445 0.831024 0.310405 0.461571 0.713213 0.456137 -0.225927 0.162614 -0.930543 0.328095 -0.461330 0.222232 0.858945 0.872199 0.291037 0.393150 
0.747540 0.597997 0.571496 -0.404374 -0.804443 0.435147 -0.359871 0.577351 0.732911 0.840818 -0.139773 0.522962 0.747540 0.597997 0.571496 -0.404374 -0.804443 0.435147 -0.359871 0.577351 0.732911 0.840818 -0.139773 0.522962 
1.183454 0.361881 -0.107571 0.774382 0.497289 0.391199 -0.205256 -0.387404 0.898771 -0.598501 0.776287 0.197927 0.830236 0.119254 -0.215650 0.804954 0.503271 0.314272 -0.226040 -0.229617 0.946669 -0.548593 0.833063 0.071072 
1.553518 0.636562 0.508557 0.643737 -0.627895 0.437437 -0.304776 0.313972 0.899185 -0.701936 -0.712159 0.010748 1.553518 0.636562 0.508557 0.643737 -0.627895 0.437437 -0.304776 0.313972 0.899185 -0.701936 -0.712159 0.010748 
0.608443 0.345112 -0.060121 -0.767649 -0.202151 0.608153 0.498614 0.407768 0.764924 0.402616 -0.890427 0.212227 0.747396 0.271109 0.052691 -0.579520 -0.275045 0.767142 0.688996 0.337383 0.641449 0.435248 -0.900291 0.006015 
0.694485 0.115731 -0.186854 0.969670 0.229860 0.083090 0.050008 -0.519339 0.853104 -0.239246 0.823074 0.515083 0.877800 0.476651 -0.004167 0.999342 0.000288 0.036260 -0.023068 -0.766497 0.641833 -0.027978 0.642247 0.765987 
