# lambda_1A lambda_2A lambda_3A eigen1_xA eigen1_yA eigen1_zA eigen2_xA eigen2_yA eigen2_zA eigen3_xA eigen3_yA eigen3_zA# lambda_1B lambda_2B lambda_3B eigen1_xB eigen1_yB eigen1_zB eigen2_xB eigen2_yB eigen2_zB eigen3_xB eigen3_yB eigen3_zB 
# 5481
0.861691 0.140685 -0.644415 -0.972492 0.175706 0.152930 -0.169383 -0.984095 0.053540 0.159905 0.026163 0.986786 0.861691 0.140685 -0.644415 -0.972492 0.175706 0.152930 -0.169383 -0.984095 0.053540 0.159905 0.026163 0.986786 
0.861691 0.140685 -0.644415 -0.972492 0.175706 0.152930 -0.169383 -0.984095 0.053540 0.159905 0.026163 0.986786 0.861691 0.140685 -0.644415 -0.972492 0.175706 0.152930 -0.169383 -0.984095 0.053540 0.159905 0.026163 0.986786 
1.534176 0.857393 -1.162362 0.093123 -0.897378 0.431324 -0.668323 0.264772 0.695155 0.738020 0.352998 0.575082 1.534176 0.857393 -1.162362 0.093123 -0.897378 0.431324 -0.668323 0.264772 0.695155 0.738020 0.352998 0.575082 
1.581777 0.985838 0.730416 0.672949 -0.633010 0.382673 -0.238996 0.303520 0.922364 -0.700015 -0.712161 0.052967 1.555935 1.085446 0.512676 0.733456 -0.583329 0.348954 -0.144465 0.367866 0.918588 -0.664208 -0.724156 0.185543 
1.534176 0.857393 -1.162362 0.093123 -0.897378 0.431324 -0.668323 0.264772 0.695155 0.738020 0.352998 0.575082 1.534176 0.857393 -1.162362 0.093123 -0.897378 0.431324 -0.668323 0.264772 0.695155 0.738020 0.352998 0.575082 
5.630391 5.420176 1.176491 0.099062 0.748159 0.656083 -0.981572 -0.034804 0.187896 0.163410 -0.662606 0.730924 5.630391 5.420176 1.176491 0.099062 0.748159 0.656083 -0.981572 -0.034804 0.187896 0.163410 -0.662606 0.730924 
7.896960 5.404709 4.467534 -0.528421 -0.711644 0.462962 0.694103 -0.048127 0.718265 -0.488868 0.700890 0.519386 7.210448 5.331717 5.053277 -0.526972 -0.801386 0.282985 0.452631 0.017178 0.891532 -0.719323 0.597901 0.353680 
5.630391 5.420176 1.176491 0.099062 0.748159 0.656083 -0.981572 -0.034804 0.187896 0.163410 -0.662606 0.730924 5.630391 5.420176 1.176491 0.099062 0.748159 0.656083 -0.981572 -0.034804 0.187896 0.163410 -0.662606 0.730924 
1.040630 0.692644 -0.737056 0.184133 0.425722 0.885921 0.809395 -0.577048 0.109069 -0.557652 -0.696976 0.450831 1.040630 0.692644 -0.737056 0.184133 0.425722 0.885921 0.809395 -0.577048 0.109069 -0.557652 -0.696976 0.450831 
1.912680 1.206264 0.796071 -0.997332 0.061588 0.039201 -0.001555 -0.554755 0.832012 0.072989 0.829731 0.553370 1.912680 1.206264 0.796071 -0.997332 0.061588 0.039201 -0.001555 -0.554755 0.832012 0.072989 0.829731 0.553370 
0.330301 0.078078 -0.521390 -0.321851 -0.876879 0.357066 0.946468 -0.307828 0.097162 0.024715 0.369223 0.929012 0.279059 0.030705 -0.509032 -0.289670 -0.860214 0.419670 0.957019 -0.253725 0.140497 -0.014377 0.442330 0.896737 
0.055435 -0.144833 -0.254998 -0.918941 -0.045479 0.391765 0.298559 0.568836 0.766347 0.257703 -0.821192 0.509149 0.060121 -0.143901 -0.227879 -0.946770 -0.088581 0.309483 0.194799 0.607737 0.769876 0.256281 -0.789183 0.558132 
0.362360 0.217088 -0.133157 0.969097 0.161371 0.186574 -0.223692 0.893706 0.388912 -0.103983 -0.418628 0.902185 0.362360 0.217088 -0.133157 0.969097 0.161371 0.186574 -0.223692 0.893706 0.388912 -0.103983 -0.418628 0.902185 
0.250415 -0.051518 -0.257057 -0.134825 -0.100547 0.985755 0.966187 0.207325 0.153296 -0.219785 0.973091 0.069195 0.267451 -0.092615 -0.256926 -0.090692 -0.032408 0.995352 0.992642 0.077577 0.092971 -0.080230 0.996459 0.025134 
0.847495 0.714742 0.134486 0.783204 -0.138381 0.606170 -0.508095 0.419479 0.752248 -0.358372 -0.897155 0.258228 0.837939 0.703016 0.080512 0.886153 -0.166847 0.432314 -0.338587 0.403811 0.849880 -0.316373 -0.899499 0.301346 
0.573344 0.322646 -0.670420 0.995439 -0.005285 0.095250 -0.009449 0.988091 0.153583 -0.094927 -0.153782 0.983534 0.224434 0.211825 -0.508707 -0.954577 0.297684 0.012914 0.292064 0.926216 0.238375 -0.058999 -0.231319 0.971087 
0.636288 0.441770 -0.148071 -0.651981 -0.453726 0.607499 0.757637 -0.421662 0.498184 0.030120 0.785070 0.618675 0.627210 0.349184 -0.208796 -0.912058 -0.268754 0.309711 0.410010 -0.609565 0.678470 0.006447 0.745789 0.666151 
0.937600 0.153498 -0.066795 0.210180 -0.560184 0.801260 0.502315 0.764995 0.403067 -0.838751 0.317769 0.442175 0.936941 0.165363 0.018518 0.212123 -0.615350 0.759176 0.700272 0.637574 0.321121 -0.681633 0.463512 0.566157 
1.646433 0.989831 -0.523503 0.766160 -0.621240 0.164497 -0.560858 -0.521409 0.643094 0.313746 0.584973 0.747911 1.866435 0.791414 -0.322211 0.696023 -0.705396 0.134047 -0.633175 -0.514952 0.577853 0.338587 0.487075 0.805057 
0.267451 -0.092615 -0.256926 -0.090692 -0.032408 0.995352 0.992642 0.077577 0.092971 -0.080230 0.996459 0.025134 0.250415 -0.051518 -0.257057 -0.134825 -0.100547 0.985755 0.966187 0.207325 0.153296 -0.219785 0.973091 0.069195 
0.896201 0.634815 -0.603312 -0.332085 -0.867430 0.370520 0.618428 0.096378 0.779909 -0.712226 0.488136 0.504437 0.921758 0.746086 -0.691196 0.361948 -0.443962 0.819690 0.653559 0.747861 0.116468 -0.664722 0.493560 0.560841 
0.936941 0.165363 0.018518 0.212123 -0.615350 0.759176 0.700272 0.637574 0.321121 -0.681633 0.463512 0.566157 0.937600 0.153498 -0.066795 0.210180 -0.560184 0.801260 0.502315 0.764995 0.403067 -0.838751 0.317769 0.442175 
0.224434 0.211825 -0.508707 -0.954577 0.297684 0.012914 0.292064 0.926216 0.238375 -0.058999 -0.231319 0.971087 0.573344 0.322646 -0.670420 0.995439 -0.005285 0.095250 -0.009449 0.988091 0.153583 -0.094927 -0.153782 0.983534 
2.031997 0.850909 0.292695 -0.397751 0.876138 0.272354 0.779969 0.166569 0.603244 -0.483159 -0.452368 0.749613 2.031997 0.850909 0.292695 -0.397751 0.876138 0.272354 0.779969 0.166569 0.603244 -0.483159 -0.452368 0.749613 
0.946151 0.425228 0.164351 -0.814183 0.109660 0.570158 0.272246 -0.795251 0.541718 0.512824 0.596281 0.617625 0.946151 0.425228 0.164351 -0.814183 0.109660 0.570158 0.272246 -0.795251 0.541718 0.512824 0.596281 0.617625 
0.187896 -0.055147 -0.136202 0.961328 0.021582 0.274561 -0.141997 0.893041 0.426982 -0.235979 -0.449457 0.861570 0.187896 -0.055147 -0.136202 0.961328 0.021582 0.274561 -0.141997 0.893041 0.426982 -0.235979 -0.449457 0.861570 
0.836307 0.138752 -0.020239 -0.930463 0.323691 0.171645 -0.070115 -0.617139 0.783724 0.359613 0.717191 0.596921 0.734688 0.113427 0.026770 -0.933449 0.303007 0.191989 0.020768 -0.488672 0.872220 0.358109 0.818160 0.449857 
1.084903 0.425407 -0.345270 0.887757 0.274125 0.369787 -0.454996 0.400840 0.795177 0.069753 -0.874176 0.480574 0.994482 0.311661 -0.261405 0.923857 0.135064 0.358114 -0.380727 0.420082 0.823758 -0.039177 -0.897379 0.439518 
0.906072 0.268797 -0.297723 -0.274256 -0.902835 0.331168 0.955153 -0.215755 0.202814 -0.111656 0.371939 0.921517 0.906072 0.268797 -0.297723 -0.274256 -0.902835 0.331168 0.955153 -0.215755 0.202814 -0.111656 0.371939 0.921517 
1.849347 0.940351 -0.359684 -0.308646 -0.950880 0.023749 -0.915284 0.303701 0.264613 0.258828 -0.059934 0.964062 2.967873 1.948080 0.831547 -0.353622 -0.892050 0.281421 -0.766819 0.448756 0.458919 0.535668 0.053515 0.842731 
0.372934 0.175469 0.119668 -0.216582 0.567811 0.794155 0.731532 -0.444294 0.517168 -0.646493 -0.692960 0.319146 0.372934 0.175469 0.119668 -0.216582 0.567811 0.794155 0.731532 -0.444294 0.517168 -0.646493 -0.692960 0.319146 
0.402458 0.165098 -0.270165 0.345810 -0.745067 0.570342 -0.937433 -0.300538 0.175776 -0.040445 0.595443 0.802379 0.458872 0.337417 -0.323235 0.405965 -0.765821 0.498709 -0.913127 -0.317634 0.255554 0.037302 0.559130 0.828240 
2.303579 1.384067 0.680113 0.051378 -0.992130 0.114187 -0.980083 -0.028129 0.196586 0.191827 0.122013 0.973815 2.303579 1.384067 0.680113 0.051378 -0.992130 0.114187 -0.980083 -0.028129 0.196586 0.191827 0.122013 0.973815 
0.715231 -0.007386 -0.194593 -0.678634 0.730802 0.073376 -0.461596 -0.502074 0.731335 0.571301 0.462438 0.678060 0.715231 -0.007386 -0.194593 -0.678634 0.730802 0.073376 -0.461596 -0.502074 0.731335 0.571301 0.462438 0.678060 
0.471999 0.076399 -0.542919 -0.174690 0.949580 0.260348 0.270861 -0.207867 0.939907 -0.946635 -0.234711 0.220892 0.471999 0.076399 -0.542919 -0.174690 0.949580 0.260348 0.270861 -0.207867 0.939907 -0.946635 -0.234711 0.220892 
0.734688 0.113427 0.026770 -0.933449 0.303007 0.191989 0.020768 -0.488672 0.872220 0.358109 0.818160 0.449857 0.836307 0.138752 -0.020239 -0.930463 0.323691 0.171645 -0.070115 -0.617139 0.783724 0.359613 0.717191 0.596921 
5.778166 4.213585 -1.633744 -0.811413 -0.011214 0.584366 0.458739 0.607320 0.648630 0.362171 -0.794378 0.487643 3.640867 2.869922 -1.812805 -0.521933 0.118101 0.844771 0.650057 0.696301 0.304287 0.552278 -0.707967 0.440195 
0.946151 0.425228 0.164351 -0.814183 0.109660 0.570158 0.272246 -0.795251 0.541718 0.512824 0.596281 0.617625 0.946151 0.425228 0.164351 -0.814183 0.109660 0.570158 0.272246 -0.795251 0.541718 0.512824 0.596281 0.617625 
1.165678 0.927713 -0.348789 0.141979 0.145820 0.979070 -0.399696 -0.896427 0.191473 -0.905586 0.418516 0.068990 1.165678 0.927713 -0.348789 0.141979 0.145820 0.979070 -0.399696 -0.896427 0.191473 -0.905586 0.418516 0.068990 
0.462739 0.270792 -0.387133 -0.817510 0.566303 0.104775 0.566544 0.758104 0.322965 -0.103466 -0.323387 0.940593 0.557472 0.316789 -0.421165 -0.777573 0.612404 0.142624 0.627777 0.743192 0.231434 -0.035734 -0.269493 0.962339 
2.356205 0.863921 -2.128133 -0.835111 -0.203311 0.511131 0.502769 0.094899 0.859196 -0.223190 0.974504 0.022968 2.356205 0.863921 -2.128133 -0.835111 -0.203311 0.511131 0.502769 0.094899 0.859196 -0.223190 0.974504 0.022968 
5.935845 4.399687 3.699234 0.470512 -0.235699 0.850332 -0.249502 0.888803 0.384419 -0.846385 -0.393034 0.359385 5.935845 4.399687 3.699234 0.470512 -0.235699 0.850332 -0.249502 0.888803 0.384419 -0.846385 -0.393034 0.359385 
1.713453 1.415464 -0.117645 -0.263462 0.812559 0.519938 -0.003537 -0.539791 0.841792 0.964663 0.219941 0.145088 1.713453 1.415464 -0.117645 -0.263462 0.812559 0.519938 -0.003537 -0.539791 0.841792 0.964663 0.219941 0.145088 
0.906072 0.268797 -0.297723 -0.274256 -0.902835 0.331168 0.955153 -0.215755 0.202814 -0.111656 0.371939 0.921517 0.906072 0.268797 -0.297723 -0.274256 -0.902835 0.331168 0.955153 -0.215755 0.202814 -0.111656 0.371939 0.921517 
0.300243 -0.153871 -0.255031 -0.655021 -0.708624 0.262297 0.207240 0.165342 0.964217 -0.726636 0.685940 0.038553 0.265608 -0.105144 -0.283609 -0.665317 -0.703904 0.248741 0.254009 0.099872 0.962032 -0.702020 0.703239 0.112351 
1.246395 0.956979 -0.095504 -0.917221 -0.262575 0.299601 0.247031 0.215133 0.944825 0.312541 -0.940623 0.132460 1.467709 1.124299 -0.110705 0.968179 0.212913 0.131523 -0.155701 0.101022 0.982625 0.195927 -0.971835 0.130958 
1.165678 0.927713 -0.348789 0.141979 0.145820 0.979070 -0.399696 -0.896427 0.191473 -0.905586 0.418516 0.068990 1.165678 0.927713 -0.348789 0.141979 0.145820 0.979070 -0.399696 -0.896427 0.191473 -0.905586 0.418516 0.068990 
2.266188 1.496573 -0.228198 0.123686 -0.886716 0.445461 -0.991684 -0.094368 0.087504 0.035553 0.452580 0.891015 2.266188 1.496573 -0.228198 0.123686 -0.886716 0.445461 -0.991684 -0.094368 0.087504 0.035553 0.452580 0.891015 
2.614844 0.467886 -0.195828 0.277707 -0.679701 0.678886 -0.937814 -0.038593 0.344986 0.208287 0.732474 0.648150 3.398095 1.087611 -0.048879 0.248239 -0.842993 0.477222 0.825056 0.442139 0.351847 -0.507603 0.306392 0.805272 
0.265608 -0.105144 -0.283609 -0.665317 -0.703904 0.248741 0.254009 0.099872 0.962032 -0.702020 0.703239 0.112351 0.300243 -0.153871 -0.255031 -0.655021 -0.708624 0.262297 0.207240 0.165342 0.964217 -0.726636 0.685940 0.038553 
0.524301 0.099010 -0.018772 0.081753 -0.765390 0.638353 -0.375916 0.569510 0.730990 0.923040 0.299728 0.241163 0.524301 0.099010 -0.018772 0.081753 -0.765390 0.638353 -0.375916 0.569510 0.730990 0.923040 0.299728 0.241163 
1.555818 1.214142 -0.635598 0.176384 -0.856631 0.484843 0.895620 0.344015 0.281990 -0.408355 0.384496 0.827894 1.555818 1.214142 -0.635598 0.176384 -0.856631 0.484843 0.895620 0.344015 0.281990 -0.408355 0.384496 0.827894 
2.406398 2.029591 0.839276 -0.031068 0.811037 0.584169 -0.195160 -0.578125 0.792266 0.980279 -0.089392 0.176243 2.406398 2.029591 0.839276 -0.031068 0.811037 0.584169 -0.195160 -0.578125 0.792266 0.980279 -0.089392 0.176243 
3.811122 3.205173 -2.460204 0.804978 0.448999 0.387829 0.318931 -0.878668 0.355282 -0.500294 0.162304 0.850508 3.811122 3.205173 -2.460204 0.804978 0.448999 0.387829 0.318931 -0.878668 0.355282 -0.500294 0.162304 0.850508 
0.571272 0.408432 -0.918639 -0.667219 -0.157678 0.727981 0.584357 0.495246 0.642852 0.461893 -0.854324 0.238297 0.876128 0.602727 -1.327024 -0.631108 -0.239349 0.737845 0.545188 0.539773 0.641417 0.551791 -0.807067 0.210165 
2.729449 1.266040 0.595591 -0.682841 0.004311 0.730554 0.673864 -0.382548 0.632111 0.282197 0.923926 0.258315 2.729449 1.266040 0.595591 -0.682841 0.004311 0.730554 0.673864 -0.382548 0.632111 0.282197 0.923926 0.258315 
3.811122 3.205173 -2.460204 0.804978 0.448999 0.387829 0.318931 -0.878668 0.355282 -0.500294 0.162304 0.850508 3.811122 3.205173 -2.460204 0.804978 0.448999 0.387829 0.318931 -0.878668 0.355282 -0.500294 0.162304 0.850508 
0.254942 -0.067206 -0.323862 -0.729997 -0.672064 0.124236 0.012496 0.168623 0.985601 0.683336 -0.721039 0.114696 0.254942 -0.067206 -0.323862 -0.729997 -0.672064 0.124236 0.012496 0.168623 0.985601 0.683336 -0.721039 0.114696 
0.111415 -0.005922 -0.221827 -0.881724 0.300320 0.363827 0.427665 0.834398 0.347683 0.199160 -0.462156 0.864145 0.111415 -0.005922 -0.221827 -0.881724 0.300320 0.363827 0.427665 0.834398 0.347683 0.199160 -0.462156 0.864145 
0.349670 0.063243 -0.477700 -0.524952 0.838064 0.148575 0.130335 -0.093350 0.987066 -0.841094 -0.537526 0.060225 0.318317 0.042852 -0.412504 -0.534132 0.837109 0.118118 0.106633 -0.071891 0.991696 -0.838649 -0.542292 0.050864 
9.016700 4.873816 2.372060 -0.857656 -0.269699 0.437823 0.408453 0.159955 0.898655 0.312398 -0.949567 0.027027 7.209496 4.708108 3.159519 -0.941050 -0.177123 0.288187 0.329289 -0.284700 0.900286 -0.077414 0.942111 0.326242 
0.385627 -0.246420 -0.324516 -0.283276 -0.354412 0.891149 0.958790 -0.125804 0.254745 0.021826 0.926588 0.375444 0.385627 -0.246420 -0.324516 -0.283276 -0.354412 0.891149 0.958790 -0.125804 0.254745 0.021826 0.926588 0.375444 
0.876128 0.602727 -1.327024 -0.631108 -0.239349 0.737845 0.545188 0.539773 0.641417 0.551791 -0.807067 0.210165 0.571272 0.408432 -0.918639 -0.667219 -0.157678 0.727981 0.584357 0.495246 0.642852 0.461893 -0.854324 0.238297 
0.336632 0.072635 -0.220133 -0.340745 0.696580 0.631402 0.173320 -0.613540 0.770408 0.924042 0.371947 0.088330 0.408513 0.116435 -0.345595 -0.351140 0.772108 0.529669 -0.075094 -0.587091 0.806030 0.933307 0.243254 0.264132 
5.757671 5.119001 3.357664 -0.960253 0.110949 0.256134 0.234337 0.818991 0.523774 0.151659 -0.562977 0.812438 6.604124 5.872308 4.774181 -0.907841 0.291254 0.301653 0.418490 0.674423 0.608292 0.026274 -0.678472 0.734156 
2.966887 2.523327 1.090075 0.792317 0.447361 0.414852 0.296275 -0.876529 0.379365 -0.533343 0.177667 0.827031 2.983197 2.887778 1.591958 0.695145 -0.582989 0.420592 0.512968 0.812168 0.277935 -0.503624 0.022545 0.863629 
1.666987 1.200571 0.531947 -0.781112 0.376759 0.497913 -0.287842 -0.924926 0.248311 0.554086 0.050638 0.830918 1.779589 1.227841 0.692608 -0.824197 0.405484 0.395325 -0.312598 -0.907848 0.279455 0.472209 0.106748 0.874999 
2.975770 1.815243 1.235882 -0.091104 -0.275309 0.957029 -0.247092 0.937222 0.246089 0.964700 0.214054 0.153411 2.922038 1.513906 1.138608 0.050219 -0.235814 0.970500 0.175039 0.958764 0.223905 -0.983280 0.158631 0.089425 
1.120256 0.354584 -0.774968 -0.811597 0.003254 0.584208 0.515326 0.475080 0.713259 0.275225 -0.879937 0.387250 1.138255 0.319074 -0.765986 -0.661066 0.148408 0.735504 0.729489 0.356534 0.583720 0.175604 -0.922420 0.343955 
0.725958 0.217280 -0.184821 -0.940592 0.339257 0.013803 -0.272866 -0.779465 0.563895 0.202065 0.526629 0.825731 0.814547 0.116935 -0.236163 -0.977529 0.195113 0.079796 -0.085194 -0.711915 0.697079 0.192817 0.674617 0.712540 
0.290599 -0.147910 -0.251069 -0.805435 0.091907 0.585514 0.365336 -0.700913 0.612577 0.466694 0.707301 0.530963 0.290599 -0.147910 -0.251069 -0.805435 0.091907 0.585514 0.365336 -0.700913 0.612577 0.466694 0.707301 0.530963 
0.616207 0.064673 -0.599858 -0.852486 -0.519370 0.059347 -0.285507 0.557688 0.779403 0.437896 -0.647486 0.623705 0.435508 0.011897 -0.538556 0.766621 0.640779 0.041176 -0.459050 0.502107 0.732913 0.448960 -0.580768 0.679075 
0.318317 0.042852 -0.412504 -0.534132 0.837109 0.118118 0.106633 -0.071891 0.991696 -0.838649 -0.542292 0.050864 0.349670 0.063243 -0.477700 -0.524952 0.838064 0.148575 0.130335 -0.093350 0.987066 -0.841094 -0.537526 0.060225 
0.814547 0.116935 -0.236163 -0.977529 0.195113 0.079796 -0.085194 -0.711915 0.697079 0.192817 0.674617 0.712540 0.725958 0.217280 -0.184821 -0.940592 0.339257 0.013803 -0.272866 -0.779465 0.563895 0.202065 0.526629 0.825731 
1.974469 1.340358 0.313422 0.316023 -0.743077 0.589886 -0.891320 -0.019494 0.452955 0.325082 0.668922 0.668480 1.974469 1.340358 0.313422 0.316023 -0.743077 0.589886 -0.891320 -0.019494 0.452955 0.325082 0.668922 0.668480 
1.829279 1.083312 0.607453 0.228948 -0.606498 0.761408 -0.178047 0.742899 0.645291 -0.957017 -0.283305 0.062100 1.870940 1.229148 0.417296 0.221709 -0.614455 0.757159 -0.289876 0.699849 0.652827 0.931030 0.364220 0.022953 
3.990490 2.860312 0.245539 0.450403 -0.892738 0.012485 0.222433 0.125742 0.966805 -0.864674 -0.432675 0.255209 3.309954 1.264296 -0.188732 -0.336105 0.916589 0.216560 0.427409 -0.056455 0.902294 -0.839259 -0.395825 0.372784 
0.485382 0.255662 -0.283125 0.989038 -0.048991 0.139296 -0.146028 -0.464405 0.873501 -0.021896 0.884267 0.466468 0.485382 0.255662 -0.283125 0.989038 -0.048991 0.139296 -0.146028 -0.464405 0.873501 -0.021896 0.884267 0.466468 
0.408513 0.116435 -0.345595 -0.351140 0.772108 0.529669 -0.075094 -0.587091 0.806030 0.933307 0.243254 0.264132 0.336632 0.072635 -0.220133 -0.340745 0.696580 0.631402 0.173320 -0.613540 0.770408 0.924042 0.371947 0.088330 
2.983197 2.887778 1.591958 0.695145 -0.582989 0.420592 0.512968 0.812168 0.277935 -0.503624 0.022545 0.863629 2.983197 2.887778 1.591958 0.695145 -0.582989 0.420592 0.512968 0.812168 0.277935 -0.503624 0.022545 0.863629 
2.983197 2.887778 1.591958 0.695145 -0.582989 0.420592 0.512968 0.812168 0.277935 -0.503624 0.022545 0.863629 2.983197 2.887778 1.591958 0.695145 -0.582989 0.420592 0.512968 0.812168 0.277935 -0.503624 0.022545 0.863629 
1.588234 0.521952 -0.858700 -0.405243 0.783979 0.470272 0.375512 -0.326263 0.867492 -0.833528 -0.528138 0.162177 1.351395 0.471976 -0.764423 -0.353515 0.746057 0.564292 0.232526 -0.514224 0.825533 0.906068 0.423051 0.008308 
6.023021 4.901961 1.660414 -0.667710 0.438098 0.601859 -0.220973 -0.888695 0.401737 0.710869 0.135249 0.690198 6.023021 4.901961 1.660414 -0.667710 0.438098 0.601859 -0.220973 -0.888695 0.401737 0.710869 0.135249 0.690198 
4.938421 3.316077 2.886162 -0.326504 -0.898397 0.293731 -0.922686 0.370364 0.107148 0.205049 0.236037 0.949864 4.938421 3.316077 2.886162 -0.326504 -0.898397 0.293731 -0.922686 0.370364 0.107148 0.205049 0.236037 0.949864 
0.706385 -0.205507 -0.413689 0.584577 -0.498832 0.639872 -0.590618 0.279089 0.757152 0.556273 0.820534 0.131470 0.595164 -0.235366 -0.399442 0.611885 -0.472611 0.634221 -0.548609 0.324018 0.770740 0.569759 0.819543 0.061017 
-0.055597 -0.072952 -0.157451 -0.812685 0.027542 0.582053 0.395490 -0.707511 0.585676 0.427939 0.706166 0.564091 -0.080594 -0.086375 -0.162928 -0.831807 0.298908 0.467708 0.249458 -0.551415 0.796060 0.495850 0.778842 0.384106 
0.694535 0.086992 -0.430080 -0.566079 0.749107 0.344084 -0.418529 -0.620771 0.662930 0.710203 0.231262 0.664928 0.551305 0.145390 -0.440597 -0.525740 0.766278 0.369344 -0.485665 -0.626864 0.609238 0.698375 0.140923 0.701722 
4.938421 3.316077 2.886162 -0.326504 -0.898397 0.293731 -0.922686 0.370364 0.107148 0.205049 0.236037 0.949864 4.938421 3.316077 2.886162 -0.326504 -0.898397 0.293731 -0.922686 0.370364 0.107148 0.205049 0.236037 0.949864 
0.180506 0.019296 -0.245554 -0.794640 -0.606583 0.024587 -0.512112 0.691530 0.509438 0.326020 -0.392229 0.860156 0.133310 -0.023555 -0.166275 -0.842617 -0.529654 0.097277 -0.458925 0.800783 0.384882 0.281752 -0.279665 0.917825 
3.334140 2.221034 0.381399 -0.859971 -0.182057 0.476766 0.430612 0.242543 0.869337 0.273905 -0.952905 0.130184 3.334140 2.221034 0.381399 -0.859971 -0.182057 0.476766 0.430612 0.242543 0.869337 0.273905 -0.952905 0.130184 
3.334140 2.221034 0.381399 -0.859971 -0.182057 0.476766 0.430612 0.242543 0.869337 0.273905 -0.952905 0.130184 3.334140 2.221034 0.381399 -0.859971 -0.182057 0.476766 0.430612 0.242543 0.869337 0.273905 -0.952905 0.130184 
0.507965 0.405676 -0.207152 0.825460 0.133508 0.548445 -0.215677 0.972502 0.087878 -0.521632 -0.190827 0.831556 0.504833 0.357491 -0.321006 0.741644 0.323303 0.587741 0.391107 -0.920258 0.012694 -0.544977 -0.220455 0.808949 
4.806842 3.095995 2.531083 -0.250331 -0.912090 0.324693 -0.661093 0.406048 0.630936 0.707312 0.056710 0.704623 4.938421 3.316077 2.886162 -0.326504 -0.898397 0.293731 -0.922686 0.370364 0.107148 0.205049 0.236037 0.949864 
1.207629 0.447809 -0.161793 0.777611 0.425748 0.462665 -0.404018 -0.225476 0.886527 -0.481757 0.876299 0.003323 1.207629 0.447809 -0.161793 0.777611 0.425748 0.462665 -0.404018 -0.225476 0.886527 -0.481757 0.876299 0.003323 
3.623077 2.325387 1.517606 -0.219928 -0.752032 0.621353 -0.873584 0.435297 0.217640 0.434145 0.494940 0.752697 3.811945 2.849626 1.513114 -0.128743 -0.788202 0.601800 -0.788184 0.449611 0.420257 0.601824 0.420224 0.679132 
2.717643 1.388774 1.271633 -0.512526 0.823508 0.243211 0.623453 0.162125 0.764868 -0.590444 -0.543645 0.596512 2.717643 1.388774 1.271633 -0.512526 0.823508 0.243211 0.623453 0.162125 0.764868 -0.590444 -0.543645 0.596512 
1.108327 0.564853 -0.121544 0.275824 -0.960068 0.046806 -0.955369 -0.268464 0.123279 0.105790 0.078720 0.991268 1.108327 0.564853 -0.121544 0.275824 -0.960068 0.046806 -0.955369 -0.268464 0.123279 0.105790 0.078720 0.991268 
0.423833 -0.153498 -0.187537 -0.535288 0.351590 0.768018 0.786658 0.538658 0.301689 0.307628 -0.765658 0.564918 0.423833 -0.153498 -0.187537 -0.535288 0.351590 0.768018 0.786658 0.538658 0.301689 0.307628 -0.765658 0.564918 
1.115547 0.147747 -0.635651 0.516122 0.840311 0.165820 0.385846 -0.400947 0.830882 -0.764684 0.364855 0.531168 1.115547 0.147747 -0.635651 0.516122 0.840311 0.165820 0.385846 -0.400947 0.830882 -0.764684 0.364855 0.531168 
1.207629 0.447809 -0.161793 0.777611 0.425748 0.462665 -0.404018 -0.225476 0.886527 -0.481757 0.876299 0.003323 1.207629 0.447809 -0.161793 0.777611 0.425748 0.462665 -0.404018 -0.225476 0.886527 -0.481757 0.876299 0.003323 
2.164863 1.379233 -1.116419 0.061167 0.352670 0.933747 -0.998004 0.006887 0.062774 0.015708 -0.935723 0.352387 1.994497 1.406518 -0.675666 0.088469 0.347773 0.933395 -0.996018 0.041250 0.079035 -0.011017 -0.936671 0.350038 
0.612970 0.306026 0.041621 -0.076412 -0.983842 0.161915 -0.379990 0.178869 0.907532 0.921829 -0.007820 0.387517 0.612970 0.306026 0.041621 -0.076412 -0.983842 0.161915 -0.379990 0.178869 0.907532 0.921829 -0.007820 0.387517 
1.033649 0.885182 0.550297 0.673208 -0.212713 0.708198 -0.531314 -0.805252 0.263200 -0.514292 0.553464 0.655119 0.962225 0.791917 0.490972 0.955545 0.215608 0.201115 0.100134 -0.878866 0.466441 -0.277322 0.425567 0.861386 
0.963677 0.606771 -0.079093 0.547350 -0.789179 0.278575 -0.610314 -0.148635 0.778090 0.572646 0.595906 0.563003 0.875057 0.401212 0.012624 -0.564810 0.824888 0.023434 -0.501746 -0.365819 0.783854 0.655165 0.430971 0.620502 
2.822431 0.935634 -0.712549 -0.361998 0.497218 0.788500 -0.495436 -0.819131 0.289080 0.789621 -0.286005 0.542863 2.822431 0.935634 -0.712549 -0.361998 0.497218 0.788500 -0.495436 -0.819131 0.289080 0.789621 -0.286005 0.542863 
0.810574 0.240672 -0.274479 0.179897 -0.974966 0.130687 0.982453 0.184729 0.025736 -0.049234 0.123764 0.991090 1.360865 0.513206 -0.216936 0.205268 -0.977517 0.048212 -0.844311 -0.151952 0.513858 0.494979 0.146185 0.856519 
2.286110 1.062395 -2.785762 0.673210 0.724692 0.147003 0.673594 -0.683025 0.282397 -0.305058 0.091092 0.947967 1.838045 0.757112 -2.065846 0.662729 0.740429 0.112051 0.711555 -0.669264 0.213953 -0.233408 0.062063 0.970396 
0.621784 -0.201922 -0.290770 -0.544814 0.786036 0.292104 -0.547955 -0.597395 0.585546 0.634762 0.158954 0.756181 0.442652 -0.112171 -0.238925 -0.333821 0.919617 0.207044 -0.661544 -0.385023 0.643519 0.671508 0.077852 0.736896 
0.612970 0.306026 0.041621 -0.076412 -0.983842 0.161915 -0.379990 0.178869 0.907532 0.921829 -0.007820 0.387517 0.612970 0.306026 0.041621 -0.076412 -0.983842 0.161915 -0.379990 0.178869 0.907532 0.921829 -0.007820 0.387517 
0.143750 0.077765 -0.045525 0.530731 -0.847329 0.018920 -0.421128 -0.244272 0.873489 0.735510 0.471556 0.486477 0.143750 0.077765 -0.045525 0.530731 -0.847329 0.018920 -0.421128 -0.244272 0.873489 0.735510 0.471556 0.486477 
1.768476 1.305072 0.661041 -0.807267 0.572997 0.141402 0.588736 0.798618 0.124902 0.041358 -0.184077 0.982041 2.168888 1.326731 0.695453 -0.878964 0.464737 0.106964 0.468178 0.883597 0.008152 0.090724 -0.057243 0.994229 
0.905283 0.436476 0.168834 0.815327 -0.343618 0.466014 0.344706 0.934749 0.086154 -0.465210 0.090394 0.880573 0.905283 0.436476 0.168834 0.815327 -0.343618 0.466014 0.344706 0.934749 0.086154 -0.465210 0.090394 0.880573 
0.778026 0.602756 -0.135500 -0.696261 0.491779 0.522851 -0.460089 -0.864871 0.200790 0.550943 -0.100756 0.828438 0.744013 0.610512 -0.212290 -0.700143 0.452294 0.552477 -0.400863 -0.889318 0.220048 0.590854 -0.067403 0.803958 
0.875057 0.401212 0.012624 -0.564810 0.824888 0.023434 -0.501746 -0.365819 0.783854 0.655165 0.430971 0.620502 0.963677 0.606771 -0.079093 0.547350 -0.789179 0.278575 -0.610314 -0.148635 0.778090 0.572646 0.595906 0.563003 
1.360865 0.513206 -0.216936 0.205268 -0.977517 0.048212 -0.844311 -0.151952 0.513858 0.494979 0.146185 0.856519 0.810574 0.240672 -0.274479 0.179897 -0.974966 0.130687 0.982453 0.184729 0.025736 -0.049234 0.123764 0.991090 
2.168888 1.326731 0.695453 -0.878964 0.464737 0.106964 0.468178 0.883597 0.008152 0.090724 -0.057243 0.994229 1.768476 1.305072 0.661041 -0.807267 0.572997 0.141402 0.588736 0.798618 0.124902 0.041358 -0.184077 0.982041 
0.409595 -0.152141 -0.572965 0.043561 -0.992465 0.114524 0.539655 0.119845 0.833312 -0.840759 0.025504 0.540809 0.348988 -0.119676 -0.536129 0.026980 -0.996831 0.074839 0.567255 0.076913 0.819943 -0.823100 0.020331 0.567532 
0.061092 -0.062891 -0.204499 0.736028 -0.303981 0.604862 -0.508646 0.341265 0.790454 -0.446701 -0.889457 0.096562 0.109522 -0.013558 -0.143897 0.717709 -0.327307 0.614625 -0.324361 0.623903 0.711010 -0.616185 -0.709659 0.341615 
0.946242 0.747504 -0.083078 0.389022 -0.513118 0.765096 -0.895240 -0.014693 0.445341 0.217271 0.858192 0.465080 0.771303 0.675477 -0.068038 0.144724 -0.439462 0.886526 -0.976320 0.082176 0.200118 0.160795 0.894494 0.417163 
0.690527 0.505096 -0.082478 -0.098115 0.677338 0.729100 -0.251016 -0.725790 0.640484 0.962998 -0.120175 0.241233 0.690527 0.505096 -0.082478 -0.098115 0.677338 0.729100 -0.251016 -0.725790 0.640484 0.962998 -0.120175 0.241233 
0.576177 -0.011119 -0.387289 -0.567622 0.645305 0.511260 -0.742516 -0.669509 0.020673 0.355633 -0.367885 0.859177 0.576177 -0.011119 -0.387289 -0.567622 0.645305 0.511260 -0.742516 -0.669509 0.020673 0.355633 -0.367885 0.859177 
1.894170 0.723999 -0.225987 -0.614740 0.739099 0.275368 -0.594754 -0.663692 0.453630 0.518037 0.115088 0.847580 1.894170 0.723999 -0.225987 -0.614740 0.739099 0.275368 -0.594754 -0.663692 0.453630 0.518037 0.115088 0.847580 
6.945628 6.145644 3.292052 -0.569953 0.817289 0.084810 0.179538 0.023149 0.983479 -0.801823 -0.575763 0.159928 6.765395 5.520146 4.132113 -0.371237 0.597876 0.710442 0.416264 -0.576766 0.702897 -0.830004 -0.556673 0.034757 
1.593227 1.010699 0.656792 -0.502222 -0.426990 0.751966 0.586587 0.470708 0.659052 -0.635365 0.772084 0.014067 1.339002 0.994558 0.365249 -0.572592 -0.152980 0.805441 0.592548 0.601738 0.535536 0.566591 -0.783906 0.253902 
0.100117 -0.090466 -0.162629 -0.868567 0.384342 0.312846 0.282555 -0.134551 0.949768 0.407129 0.913333 0.008269 0.110319 -0.101505 -0.145221 -0.891344 0.298696 0.341007 0.404614 0.184968 0.895586 -0.204433 -0.936252 0.285727 
1.641586 1.155614 0.466798 0.266939 -0.050692 0.962379 -0.712025 0.662579 0.232398 -0.649433 -0.747274 0.140774 1.969165 1.865184 1.168845 0.513429 -0.393134 0.762782 -0.822645 0.027489 0.567890 0.244225 0.919070 0.309296 
1.262399 0.150800 -0.433236 0.884199 0.369699 0.285508 0.374062 -0.926486 0.041245 -0.279767 -0.070329 0.957489 1.231174 0.091409 -0.482913 0.879665 0.383830 0.280829 0.398165 -0.917291 0.006521 -0.260104 -0.106080 0.959736 
0.353438 0.175936 -0.249678 -0.790089 0.115373 0.602037 0.406523 -0.636467 0.655476 0.458801 0.762626 0.455963 0.353438 0.175936 -0.249678 -0.790089 0.115373 0.602037 0.406523 -0.636467 0.655476 0.458801 0.762626 0.455963 
2.581423 0.089430 -0.156003 0.855763 -0.514565 0.053782 -0.431537 -0.652583 0.622824 0.285387 0.556199 0.780511 3.419849 0.769180 -0.613859 0.870794 -0.490232 0.037292 0.484744 0.868759 0.101394 -0.082104 -0.070216 0.994147 
0.507508 0.106145 -0.357088 -0.831233 0.526406 0.178743 0.040904 -0.262738 0.964000 0.554417 0.808620 0.196864 0.489326 0.064399 -0.384159 -0.809204 0.562129 0.170880 0.022351 -0.261181 0.965031 0.587103 0.784726 0.198784 
0.338124 0.037323 -0.039018 -0.473014 0.755787 0.452817 -0.419155 -0.645099 0.638870 0.774962 0.112394 0.621934 0.338124 0.037323 -0.039018 -0.473014 0.755787 0.452817 -0.419155 -0.645099 0.638870 0.774962 0.112394 0.621934 
0.397057 0.087214 -0.254313 0.670057 -0.068271 0.739163 -0.695701 0.289526 0.657400 -0.258888 -0.954732 0.146503 0.399969 0.076904 -0.271372 0.685592 -0.158600 0.710500 -0.645296 0.319379 0.693967 -0.336982 -0.934261 0.116620 
1.945594 1.320400 0.511369 -0.269206 0.408794 0.872018 -0.023740 -0.907987 0.418326 0.962790 0.091914 0.254140 1.989350 1.315771 0.067953 -0.203022 0.352053 0.913696 0.070851 -0.925402 0.372306 0.976608 0.140323 0.162933 
0.392344 -0.040892 -0.244043 0.481555 -0.746315 0.459476 0.725019 0.633780 0.269574 -0.492394 0.203314 0.846293 0.392344 -0.040892 -0.244043 0.481555 -0.746315 0.459476 0.725019 0.633780 0.269574 -0.492394 0.203314 0.846293 
0.979121 0.774119 -0.900465 -0.086714 0.380795 0.920584 0.495203 -0.785342 0.371499 -0.864439 -0.488090 0.120471 1.210670 0.907446 -0.754710 0.612730 -0.606032 0.507235 -0.211330 0.492813 0.844083 -0.761513 -0.624388 0.173888 
1.044934 0.800771 -0.112250 0.810208 0.406995 0.421804 -0.572589 0.395709 0.718022 0.125320 -0.823267 0.553648 1.033435 0.793613 -0.277314 0.834563 0.425821 0.349543 -0.531069 0.453081 0.716019 0.146525 -0.783195 0.604265 
0.399969 0.076904 -0.271372 0.685592 -0.158600 0.710500 -0.645296 0.319379 0.693967 -0.336982 -0.934261 0.116620 0.397057 0.087214 -0.254313 0.670057 -0.068271 0.739163 -0.695701 0.289526 0.657400 -0.258888 -0.954732 0.146503 
0.368485 -0.079812 -0.309354 -0.448149 -0.045451 0.892803 0.757811 0.510471 0.406377 0.474220 -0.858693 0.194324 0.363165 -0.092309 -0.297769 -0.469371 -0.103926 0.876864 0.722128 0.526309 0.448921 0.508156 -0.843918 0.171987 
0.212472 -0.071702 -0.269566 0.034656 -0.151143 0.987904 -0.005679 0.988452 0.151426 -0.999383 -0.010858 0.033397 0.142878 -0.046169 -0.267187 0.009812 -0.353497 0.935384 -0.031955 0.934841 0.353627 0.999441 0.033361 0.002123 
1.894323 1.042026 -0.107450 -0.227869 -0.768805 0.597507 0.090114 0.594366 0.799130 0.969513 -0.235940 0.066157 1.197073 0.877686 -0.106112 0.300989 0.949488 0.088764 0.164611 -0.143413 0.975877 -0.939313 0.279117 0.199461 
1.009019 0.227084 -0.222423 0.873097 -0.334152 0.355026 -0.221402 0.377035 0.899348 -0.434376 -0.863821 0.255206 1.009019 0.227084 -0.222423 0.873097 -0.334152 0.355026 -0.221402 0.377035 0.899348 -0.434376 -0.863821 0.255206 
0.705362 0.272915 0.009128 -0.304145 0.819683 0.485402 -0.846620 -0.466176 0.256738 0.436727 -0.332866 0.835745 0.768167 0.138446 -0.017462 -0.290767 0.816903 0.498120 -0.624980 -0.556361 0.547597 0.724468 -0.152092 0.672320 
0.533307 -0.104981 -0.438552 0.938538 0.229507 0.257825 -0.314917 0.263493 0.911811 0.141331 -0.936962 0.319574 0.533307 -0.104981 -0.438552 0.938538 0.229507 0.257825 -0.314917 0.263493 0.911811 0.141331 -0.936962 0.319574 
1.210670 0.907446 -0.754710 0.612730 -0.606032 0.507235 -0.211330 0.492813 0.844083 -0.761513 -0.624388 0.173888 0.979121 0.774119 -0.900465 -0.086714 0.380795 0.920584 0.495203 -0.785342 0.371499 -0.864439 -0.488090 0.120471 
0.301593 0.006879 -0.508024 -0.597253 -0.791877 0.127356 0.694117 -0.430761 0.576756 -0.401860 0.432869 0.806928 0.301593 0.006879 -0.508024 -0.597253 -0.791877 0.127356 0.694117 -0.430761 0.576756 -0.401860 0.432869 0.806928 
0.986068 0.894781 0.406228 -0.060892 -0.717376 0.694020 -0.808827 0.442896 0.386836 0.584886 0.537787 0.607202 0.986068 0.894781 0.406228 -0.060892 -0.717376 0.694020 -0.808827 0.442896 0.386836 0.584886 0.537787 0.607202 
0.510993 0.283460 -0.004889 0.983365 -0.165750 0.074304 0.024793 0.527717 0.849059 -0.179943 -0.833092 0.523047 0.510993 0.283460 -0.004889 0.983365 -0.165750 0.074304 0.024793 0.527717 0.849059 -0.179943 -0.833092 0.523047 
0.595394 0.039567 -0.490039 0.515537 -0.431420 0.740337 -0.354377 0.679302 0.642625 -0.780153 -0.593655 0.197320 0.472224 0.058417 -0.446658 0.476396 -0.428524 0.767733 -0.405088 0.668014 0.624229 -0.780353 -0.608379 0.144649 
0.576259 0.182052 -0.121156 -0.713155 0.430296 0.553404 0.558672 0.825722 0.077908 0.423434 -0.364731 0.829261 0.532691 0.251990 -0.124881 -0.608255 0.522744 0.597298 -0.590411 -0.800920 0.099709 0.530510 -0.292003 0.795797 
1.935067 -0.124475 -0.377045 0.084348 -0.076618 0.993486 0.122129 0.990317 0.066005 -0.988924 0.115766 0.092889 1.935067 -0.124475 -0.377045 0.084348 -0.076618 0.993486 0.122129 0.990317 0.066005 -0.988924 0.115766 0.092889 
0.315670 0.057285 -0.127280 -0.495759 0.818741 0.289632 0.696127 0.175229 0.696206 -0.519260 -0.546771 0.656819 0.265509 0.009330 -0.058345 -0.515349 0.770588 0.374979 0.390004 -0.178734 0.903300 -0.763094 -0.611759 0.208422 
0.795897 0.033485 -0.612196 0.774520 -0.343411 0.531213 -0.603474 -0.149474 0.783248 0.189573 0.927214 0.323010 0.795897 0.033485 -0.612196 0.774520 -0.343411 0.531213 -0.603474 -0.149474 0.783248 0.189573 0.927214 0.323010 
1.141482 0.078026 -0.477719 -0.748861 -0.230141 0.621484 0.582593 0.218396 0.782872 0.315900 -0.948335 0.029470 1.402421 0.027146 -0.729043 -0.692419 -0.196434 0.694240 0.636972 0.285480 0.716078 0.338854 -0.938038 0.072549 
1.076330 0.181816 -0.059272 -0.240628 -0.970582 0.008309 0.561511 -0.132218 0.816838 -0.791709 0.201220 0.576807 1.040219 0.047105 -0.081046 0.329791 0.940638 0.080231 0.158317 -0.138888 0.977571 -0.930684 0.309693 0.194723 
1.672267 0.288377 -0.391287 -0.748665 0.629100 0.209127 0.266334 -0.003461 0.963875 -0.607097 -0.777317 0.164960 1.677759 0.525167 -0.276188 -0.780442 0.567698 0.261973 0.452164 0.223098 0.863583 -0.431808 -0.792431 0.430808 
1.040219 0.047105 -0.081046 0.329791 0.940638 0.080231 0.158317 -0.138888 0.977571 -0.930684 0.309693 0.194723 1.076330 0.181816 -0.059272 -0.240628 -0.970582 0.008309 0.561511 -0.132218 0.816838 -0.791709 0.201220 0.576807 
0.265509 0.009330 -0.058345 -0.515349 0.770588 0.374979 0.390004 -0.178734 0.903300 -0.763094 -0.611759 0.208422 0.315670 0.057285 -0.127280 -0.495759 0.818741 0.289632 0.696127 0.175229 0.696206 -0.519260 -0.546771 0.656819 
0.199639 0.095964 -0.197258 -0.629529 0.275569 0.726467 0.705646 -0.188565 0.683014 -0.325204 -0.942605 0.075747 0.199639 0.095964 -0.197258 -0.629529 0.275569 0.726467 0.705646 -0.188565 0.683014 -0.325204 -0.942605 0.075747 
1.677759 0.525167 -0.276188 -0.780442 0.567698 0.261973 0.452164 0.223098 0.863583 -0.431808 -0.792431 0.430808 1.672267 0.288377 -0.391287 -0.748665 0.629100 0.209127 0.266334 -0.003461 0.963875 -0.607097 -0.777317 0.164960 
0.988654 0.777676 0.043300 -0.502090 -0.764808 0.403702 0.583644 0.044807 0.810772 -0.638174 0.642699 0.423878 1.066192 0.703101 0.035161 -0.543204 -0.768844 0.337356 0.450664 0.072019 0.889784 -0.708400 0.635368 0.307369 
0.179131 -0.053894 -0.235697 0.736725 0.468338 0.487745 -0.520049 -0.068589 0.851378 0.432187 -0.880883 0.193028 0.179131 -0.053894 -0.235697 0.736725 0.468338 0.487745 -0.520049 -0.068589 0.851378 0.432187 -0.880883 0.193028 
0.532691 0.251990 -0.124881 -0.608255 0.522744 0.597298 -0.590411 -0.800920 0.099709 0.530510 -0.292003 0.795797 0.576259 0.182052 -0.121156 -0.713155 0.430296 0.553404 0.558672 0.825722 0.077908 0.423434 -0.364731 0.829261 
2.315412 1.327372 0.442595 0.253957 0.834159 0.489576 0.853087 -0.431706 0.293039 -0.455794 -0.343232 0.821245 2.291201 1.008112 0.528320 0.188685 0.855333 0.482496 0.904797 -0.342413 0.253173 -0.381760 -0.388791 0.838511 
0.408848 0.109056 -0.442605 0.889074 -0.365154 0.276063 -0.398749 -0.321582 0.858827 0.224827 0.873641 0.431515 0.408848 0.109056 -0.442605 0.889074 -0.365154 0.276063 -0.398749 -0.321582 0.858827 0.224827 0.873641 0.431515 
0.262997 -0.096344 -0.405154 -0.749871 -0.047563 0.659872 0.090979 0.980523 0.174062 0.655298 -0.190559 0.730939 0.262997 -0.096344 -0.405154 -0.749871 -0.047563 0.659872 0.090979 0.980523 0.174062 0.655298 -0.190559 0.730939 
0.910336 0.249641 -0.072753 -0.391354 0.628825 0.671879 -0.084139 -0.751505 0.654340 0.916386 0.199548 0.347013 0.883197 0.183833 -0.065202 -0.473707 0.651643 0.592421 -0.032734 -0.685247 0.727574 0.880074 0.325265 0.345938 
0.465374 0.172213 -0.433901 -0.945542 -0.109142 0.306658 -0.022835 0.962031 0.271985 0.324699 -0.250170 0.912132 0.465374 0.172213 -0.433901 -0.945542 -0.109142 0.306658 -0.022835 0.962031 0.271985 0.324699 -0.250170 0.912132 
0.488651 0.131630 -0.433242 0.868438 -0.379612 0.318920 -0.448451 -0.327110 0.831800 0.211440 0.865386 0.454312 0.491323 0.056780 -0.464123 0.868721 -0.388105 0.307730 -0.442037 -0.327223 0.835182 0.223442 0.861568 0.455823 
2.554467 1.240120 0.854835 -0.703837 -0.584906 0.403112 0.703528 -0.652482 0.281630 0.098296 0.481822 0.870738 2.789440 1.572918 0.625901 -0.678104 -0.572878 0.460420 0.734942 -0.523459 0.431104 -0.005959 0.630715 0.775992 
0.364877 -0.010767 -0.147406 0.911222 -0.391364 0.128490 0.322336 0.871692 0.369124 -0.256465 -0.294937 0.920455 0.364877 -0.010767 -0.147406 0.911222 -0.391364 0.128490 0.322336 0.871692 0.369124 -0.256465 -0.294937 0.920455 
0.407352 0.120645 -0.062402 0.770787 0.141902 0.621089 -0.589777 -0.209752 0.779851 -0.240937 0.967403 0.077984 0.420026 0.100415 -0.138988 0.739502 0.079071 0.668494 -0.662854 -0.087525 0.743616 -0.117308 0.993019 0.012313 
0.730177 0.233097 -0.027003 0.195725 -0.950748 0.240353 0.944128 0.248959 0.215966 -0.265167 0.184654 0.946356 0.730177 0.233097 -0.027003 0.195725 -0.950748 0.240353 0.944128 0.248959 0.215966 -0.265167 0.184654 0.946356 
0.406568 0.185252 -0.275825 0.655199 -0.485433 0.578851 -0.283539 0.552198 0.784018 -0.700228 -0.677815 0.224160 0.395748 0.200191 -0.210558 0.756721 -0.557719 0.341061 -0.077101 0.441929 0.893730 -0.649175 -0.702601 0.291416 
0.467011 0.285727 -0.164378 0.621975 -0.669286 0.406453 -0.456171 0.112190 0.882792 0.636440 0.734486 0.235530 0.448699 0.348475 -0.153199 0.518758 -0.559552 0.646368 -0.597780 0.303100 0.742152 0.611187 0.771383 0.177253 
1.009439 0.281144 -0.109417 -0.937621 0.325594 0.121882 0.344318 0.821186 0.455082 -0.048084 -0.468660 0.882069 1.009439 0.281144 -0.109417 -0.937621 0.325594 0.121882 0.344318 0.821186 0.455082 -0.048084 -0.468660 0.882069 
7.486846 5.618330 1.933207 -0.129661 -0.495604 0.858816 0.731618 0.536791 0.420227 -0.669270 0.682812 0.292992 8.933221 7.643539 4.397514 -0.002999 -0.537935 0.842981 0.950521 0.260337 0.169511 -0.310645 0.801780 0.510538 
